R_tot=[-2.0986388e-04 -9.2415212e-05 -9.0875532e-05 -1.2368067e-04
 -1.3293572e-04 -1.1210816e-04 -9.3293740e-05 -9.0721573e-05
 -7.2642695e-05 -4.7905261e-05 -4.1426018e-05 -2.4781990e-05
 -1.3904777e-05 -8.3623781e-06 -6.5018658e-06 -4.4609301e-06
 -4.6852492e-06 -4.9619171e-06 -3.5721762e-06 -1.9255069e-06
 -1.0489647e-06 -4.3744163e-07 -1.8838998e-07 -6.0558065e-08
 -2.0970502e-08]
dis=[[2.8434846 2.85108   1.523911 ]
 [2.9462729 2.975875  1.5252885]
 [3.0787125 3.1032898 1.4998174]
 [3.2255378 3.0647464 1.4937907]
 [3.3734796 2.9080794 1.5079825]
 [3.5049238 2.7747238 1.5231347]
 [3.6446583 2.6461325 1.5254272]
 [3.6489015 2.4935744 1.5435312]
 [3.5786223 2.359469  1.5768865]
 [3.548323  2.2554405 1.588364 ]
 [3.5069084 2.1378937 1.6282963]
 [3.4786372 2.0345302 1.6720706]
 [3.4725242 1.9504939 1.7096615]
 [3.4992547 1.9011924 1.727963 ]
 [3.5453475 1.859814  1.7550038]
 [3.610236  1.869429  1.751506 ]
 [3.699112  1.8993765 1.7474068]
 [3.7740417 1.9201293 1.7707578]
 [3.7706258 1.9561111 1.8138577]
 [3.6428802 2.0000174 1.8552427]
 [3.509324  2.047417  1.9132644]
 [3.3986301 2.0933368 1.9675335]
 [3.2757301 2.1440372 2.038361 ]
 [3.1514196 2.2239485 2.1023881]
 [3.0448403 2.3013725 2.1610537]]
sel = [0. 0. 1.]
epoch = 0






R_tot=[-5.7488232e-04 -1.0210987e-03 -7.7275513e-04 -4.7673786e-04
 -2.2190962e-04 -6.6986584e-05 -1.4020691e-05 -2.0869552e-06
 -1.3391670e-07 -3.7242600e-09 -3.3299564e-11 -4.3199673e-14
 -1.5640998e-17 -4.4338068e-21 -5.4675555e-26 -2.4241625e-31
 -1.3924363e-37 -2.6624671e-44  0.0000000e+00  0.0000000e+00
  0.0000000e+00  0.0000000e+00  0.0000000e+00  0.0000000e+00
  0.0000000e+00]
dis=[[1.9143023 2.325686  1.3121428]
 [1.945587  2.3615384 1.3384271]
 [1.9975355 2.4205213 1.3828   ]
 [2.0781608 2.5187833 1.4502794]
 [2.1856928 2.6278133 1.5500821]
 [2.3087842 2.7351658 1.6714497]
 [2.4393985 2.826849  1.8083006]
 [2.6155539 2.9638584 1.9890983]
 [2.8285825 3.1477635 2.202748 ]
 [3.0788586 3.3612132 2.4558845]
 [3.3937624 3.6368504 2.7736683]
 [3.4531233 3.9465837 3.1103308]
 [3.2182713 4.205732  3.316316 ]
 [2.9721923 4.2183895 3.0076199]
 [2.7301712 4.009876  2.6969411]
 [2.475559  3.7802022 2.359812 ]
 [2.2428715 3.557129  2.03184  ]
 [2.056629  3.3586628 1.7341492]
 [1.9574813 3.2185886 1.5135245]
 [1.9539403 3.144586  1.3979005]
 [2.0063853 3.1105525 1.3716502]
 [2.151465  3.1218889 1.473085 ]
 [2.3516383 3.0546348 1.6521853]
 [2.5688636 3.0250196 1.8594726]
 [2.8084822 3.0109975 2.096674 ]]
sel = [0. 0. 1.]
epoch = 1000






R_tot=[-1.0223273e-05 -8.2108447e-05 -1.1496972e-03 -9.9501517e-03
 -5.4873303e-02 -2.0330900e-01 -4.4522449e-01 -5.4451823e-01
 -5.1178372e-01 -4.3077227e-01 -4.2139784e-01 -3.8204089e-01
 -3.2095066e-01 -2.5816265e-01 -1.6368280e-01 -1.0567611e-01
 -5.2824978e-02 -2.4864441e-02 -1.3209476e-02 -4.8430888e-03
 -1.9034282e-03 -5.4878806e-04 -1.6090348e-04 -3.1343894e-05
 -6.2515969e-06]
dis=[[2.930048   2.2891681  1.53358   ]
 [2.7690034  2.2065995  1.3007936 ]
 [2.6047869  2.1637168  1.0735651 ]
 [2.456431   2.1432385  0.85186976]
 [2.3267405  2.141655   0.63107616]
 [2.2213233  2.1685252  0.44977117]
 [2.1181781  2.24538    0.38982484]
 [2.0934181  2.288728   0.40922266]
 [2.1156392  2.3024597  0.45885065]
 [2.2059486  2.24876    0.46480587]
 [2.2872741  2.203836   0.49046615]
 [2.3807316  2.1533759  0.5330263 ]
 [2.4723766  2.1035113  0.5818431 ]
 [2.5775769  2.0647757  0.6726486 ]
 [2.6848652  2.0145652  0.74956274]
 [2.7976005  1.9836255  0.857434  ]
 [2.890027   1.976217   0.9610301 ]
 [2.9676173  1.9663484  1.0400506 ]
 [3.0635536  1.9774503  1.1543618 ]
 [3.1522548  1.9841081  1.251409  ]
 [3.2423394  2.0226085  1.3700181 ]
 [3.3182104  2.0722957  1.4777267 ]
 [3.4081826  2.1463206  1.6101621 ]
 [3.4912672  2.2199974  1.7307999 ]
 [3.5915637  2.331162   1.8852413 ]]
sel = [0. 0. 1.]
epoch = 2000






R_tot=[-8.92513563e-11 -6.45430671e-12 -4.08566735e-13 -1.46941920e-14
 -4.11143493e-16 -7.56712848e-18 -1.99916151e-19 -4.10930767e-21
 -1.00487204e-22 -2.37249109e-24 -1.32739332e-25 -4.78118002e-27
 -3.78178974e-28 -1.90614884e-29 -5.55735220e-31 -1.29421326e-32
 -3.25551094e-34 -1.36547430e-35 -1.17199436e-37 -8.76317409e-40
 -1.79926723e-42 -1.40129846e-45  0.00000000e+00  0.00000000e+00
  0.00000000e+00]
dis=[[2.6244183  2.5380247  3.3859248 ]
 [2.5923734  2.6704926  3.512697  ]
 [2.5927327  2.8218489  3.5966616 ]
 [2.6169715  2.976054   3.4227426 ]
 [2.6665184  3.1393754  3.2464013 ]
 [2.7107866  3.2808685  3.0920565 ]
 [2.7501614  3.4256763  2.930308  ]
 [2.7877991  3.5585113  2.7820709 ]
 [2.833101   3.6877537  2.6407542 ]
 [2.881638   3.7842243  2.539462  ]
 [2.9249804  3.8924644  2.422833  ]
 [2.9783127  3.973103   2.3409963 ]
 [3.0288227  4.066014   2.244046  ]
 [3.0912051  4.1732783  2.1330593 ]
 [3.1755977  4.186776   2.0215414 ]
 [3.2437587  4.14386    1.912715  ]
 [3.2332377  4.114552   1.8218224 ]
 [3.201068   4.086296   1.6898522 ]
 [3.1904593  4.0448856  1.5573498 ]
 [3.186202   3.9990997  1.3962989 ]
 [3.1622465  3.8554165  1.2096099 ]
 [3.1520803  3.7007885  1.0465164 ]
 [3.137061   3.5181386  0.8563548 ]
 [3.1434557  3.3721375  0.70227945]
 [3.17118    3.2309906  0.55242467]]
sel = [0. 1. 0.]
epoch = 3000






R_tot=[-3.0870737e-08 -6.2484077e-08 -1.9366202e-07 -1.2432672e-06
 -6.9651005e-06 -3.9842242e-05 -2.3683463e-04 -1.3840672e-03
 -6.1022700e-03 -2.1672523e-02 -5.7927478e-02 -1.3076846e-01
 -2.0473410e-01 -2.4582756e-01 -2.4784452e-01 -1.8992944e-01
 -1.0527440e-01 -4.7144596e-02 -1.8555537e-02 -5.9948545e-03
 -1.7169315e-03 -4.2398239e-04 -7.5975200e-05 -1.3996684e-05
 -1.8332344e-06]
dis=[[3.5942895  3.518505   2.0364401 ]
 [3.6225524  3.4409997  1.9657792 ]
 [3.6592019  3.3097324  1.8437576 ]
 [3.6944184  3.179879   1.7229769 ]
 [3.739029   3.0363176  1.5914289 ]
 [3.8092542  2.868215   1.4446582 ]
 [3.6808972  2.6958013  1.2828414 ]
 [3.5050557  2.5200272  1.1290588 ]
 [3.3110673  2.328564   0.97873765]
 [3.1265588  2.145043   0.84388435]
 [2.9204292  1.9388701  0.7131493 ]
 [2.7435763  1.7611247  0.62969106]
 [2.5480459  1.5652864  0.5922679 ]
 [2.3757346  1.3873353  0.59054077]
 [2.2340796  1.2452608  0.6444188 ]
 [2.0669825  1.0822582  0.75019735]
 [1.8979739  0.9171782  0.8738616 ]
 [1.7433672  0.7673447  0.99837196]
 [1.5875027  0.6180711  1.1310233 ]
 [1.4445451  0.49160534 1.2616675 ]
 [1.3016425  0.3739793  1.3933611 ]
 [1.1496068  0.29095042 1.5398949 ]
 [1.0053484  0.23789617 1.6715777 ]
 [0.8560283  0.29835203 1.8172387 ]
 [0.6919207  0.40811482 1.9750253 ]]
sel = [0. 0. 1.]
epoch = 4000






R_tot=[-3.1680513e-18 -7.6529654e-19 -1.8546512e-19 -4.7373525e-20
 -5.5059561e-21 -2.3092051e-21 -1.3321949e-21 -1.3258322e-21
 -3.4394327e-21 -2.5482601e-20 -2.1368332e-19 -8.0571905e-19
 -7.0182294e-19 -5.4964973e-19 -3.1505622e-19 -8.3564745e-20
 -2.2976077e-20 -2.8860358e-21 -6.6252017e-22 -1.2019588e-22
 -5.3863505e-23 -1.8129567e-23 -1.5066966e-23 -4.5915199e-24
 -1.1786422e-24]
dis=[[3.206364   3.1463733  2.6728477 ]
 [3.1765432  3.1765308  2.63243   ]
 [3.1535351  3.125804   2.5877569 ]
 [3.106156   3.0790122  2.5508544 ]
 [3.0979488  3.0423496  2.5183737 ]
 [3.1254401  2.9626107  2.441477  ]
 [3.1897323  2.8556526  2.3344846 ]
 [3.2871766  2.7499828  2.2232127 ]
 [3.358433   2.5531194  2.0119615 ]
 [3.2783303  2.2885172  1.724553  ]
 [3.2273269  2.0162604  1.4248794 ]
 [3.2326694  1.7603731  1.1436884 ]
 [3.242106   1.6050338  0.97272056]
 [3.2634926  1.5135174  0.87731886]
 [3.3139348  1.4624078  0.8262644 ]
 [3.3622847  1.4462049  0.81226575]
 [3.438546   1.3927766  0.7630723 ]
 [3.4916325  1.3433148  0.715883  ]
 [3.5522146  1.2953517  0.67291284]
 [3.5803485  1.2924303  0.67704993]
 [3.6181657  1.2673392  0.6578686 ]
 [3.624553   1.2627239  0.65424645]
 [3.6653044  1.2139652  0.607372  ]
 [3.7113903  1.213666   0.6248942 ]
 [3.761756   1.1856257  0.6110338 ]]
sel = [1. 0. 0.]
epoch = 5000






R_tot=[-4.46574450e-06 -1.42392855e-05 -3.06756556e-05 -5.65338960e-05
 -1.87972648e-04 -4.03483718e-04 -8.96506128e-04 -2.04514898e-03
 -4.77831671e-03 -1.10445954e-02 -2.12485399e-02 -4.21089493e-02
 -7.40973875e-02 -1.19579107e-01 -1.74405158e-01 -2.63350725e-01
 -3.27500045e-01 -4.31348532e-01 -5.75616181e-01 -6.91002429e-01
 -8.18015635e-01 -9.09487963e-01 -9.75448549e-01 -9.95906174e-01
 -9.50276136e-01]
dis=[[3.2297854  2.5770416  1.6702925 ]
 [3.2797792  2.5668285  1.6118342 ]
 [3.3087173  2.5762005  1.5637033 ]
 [3.3655226  2.6041157  1.464515  ]
 [3.3876195  2.6496587  1.3977996 ]
 [3.4150848  2.7006738  1.3244812 ]
 [3.4412901  2.7708025  1.244215  ]
 [3.4796813  2.8441508  1.1558188 ]
 [3.5399494  2.8980892  1.0613449 ]
 [3.594149   2.9462552  0.9812578 ]
 [3.6617908  2.9985952  0.8898729 ]
 [3.7251117  3.0567834  0.80659395]
 [3.798247   3.0682802  0.7286592 ]
 [3.8680449  3.0546293  0.66075224]
 [3.890625   3.0593262  0.57755274]
 [3.8658774  3.0411797  0.5282677 ]
 [3.8577194  3.0425677  0.4584864 ]
 [3.8702335  3.0670483  0.3715893 ]
 [3.8750186  3.0815346  0.3039786 ]
 [3.8906455  3.108728   0.22409469]
 [3.887615   3.1165388  0.15400772]
 [3.8737671  3.115825   0.07883194]
 [3.8808403  3.1359506  0.03202425]
 [3.8950117  3.166627   0.11291888]
 [3.9014034  3.1877725  0.19878769]]
sel = [0. 0. 1.]
epoch = 6000






R_tot=[-2.2961445e-20 -8.6667445e-21 -1.2148573e-21 -1.0315745e-22
 -8.3356086e-23 -3.8071882e-23 -8.9672274e-23 -1.3365462e-22
 -1.3096606e-22 -2.2274423e-22 -3.2150752e-22 -7.3033909e-22
 -9.7388895e-22 -2.4169448e-21 -2.9188306e-21 -4.5797368e-21
 -7.4928928e-21 -1.5728868e-20 -4.0798512e-20 -5.3149825e-20
 -1.8789559e-19 -1.3097324e-19 -2.4671476e-19 -2.6482466e-19
 -4.2369582e-19]
dis=[[0.961337   1.4476084  3.3983376 ]
 [0.6751652  1.5422126  3.4698584 ]
 [0.42777643 1.6591789  3.4141004 ]
 [0.34134242 1.759175   3.3123808 ]
 [0.28577754 1.8059096  3.241732  ]
 [0.31547776 1.8169212  3.2656965 ]
 [0.3429016  1.7915741  3.303049  ]
 [0.34152734 1.7926506  3.301305  ]
 [0.36974594 1.781086   3.3329415 ]
 [0.3761821  1.798102   3.3331141 ]
 [0.40476364 1.8105053  3.3565216 ]
 [0.41214377 1.8207508  3.359721  ]
 [0.4419875  1.8409545  3.3810854 ]
 [0.43418112 1.8852239  3.3511472 ]
 [0.4557428  1.8759857  3.3785126 ]
 [0.47114792 1.8925066  3.3859837 ]
 [0.49585497 1.9148105  3.3763437 ]
 [0.52854574 1.9438307  3.34087   ]
 [0.5397524  1.9433669  3.3309598 ]
 [0.5878862  1.9667139  3.28323   ]
 [0.5740352  1.9599985  3.2969415 ]
 [0.59177524 2.0068452  3.2728448 ]
 [0.59228355 2.0305834  3.2701383 ]
 [0.61035764 2.0398097  3.252125  ]
 [0.63890684 2.0588615  3.2234118 ]]
sel = [0. 0. 1.]
epoch = 7000






R_tot=[-6.9281469e-08 -1.9965540e-07 -2.5351887e-06 -5.1609626e-05
 -6.2685699e-04 -2.7976290e-03 -8.8526122e-03 -1.8494416e-02
 -2.9046316e-02 -3.6846332e-02 -3.5703707e-02 -3.1767372e-02
 -2.6389696e-02 -2.4129074e-02 -2.2360243e-02 -1.7025925e-02
 -1.9773403e-02 -2.3007853e-02 -2.4461584e-02 -2.3761438e-02
 -2.2740014e-02 -2.3392538e-02 -2.1857446e-02 -1.9801585e-02
 -1.7090289e-02]
dis=[[2.403931   1.9638401  2.86671   ]
 [2.2780733  1.7948009  2.931556  ]
 [2.1516037  1.5709711  3.05751   ]
 [2.056254   1.3578286  3.0909355 ]
 [1.9740186  1.2123306  3.0101779 ]
 [1.9329658  1.0870881  2.9271474 ]
 [1.9048169  0.998785   2.87315   ]
 [1.8787138  0.94059336 2.8456373 ]
 [1.8569483  0.9084326  2.83668   ]
 [1.8352628  0.9127569  2.855727  ]
 [1.8271831  0.9286165  2.873673  ]
 [1.7858754  0.9532551  2.9213889 ]
 [1.7773284  0.96492726 2.936239  ]
 [1.7491488  0.9747399  2.962525  ]
 [1.7322348  1.0090858  3.0004635 ]
 [1.7243415  0.990381   2.9907053 ]
 [1.7014176  0.97107154 2.990105  ]
 [1.6615896  0.96315247 3.0084355 ]
 [1.6306051  0.966914   3.0296457 ]
 [1.59804    0.9725775  3.0526175 ]
 [1.5614693  0.9689348  3.070143  ]
 [1.5370272  0.97765213 3.0898242 ]
 [1.5274161  0.99020135 3.104357  ]
 [1.4969659  1.0086184  3.1340184 ]
 [1.4860883  0.9924451  3.1272333 ]]
sel = [0. 1. 0.]
epoch = 8000






R_tot=[-1.67273201e-14 -4.29661724e-16 -6.71418419e-19 -6.09646450e-22
 -5.86552103e-25 -5.82290859e-28 -5.41743245e-28 -2.84624096e-27
 -5.92705403e-27 -1.75966364e-26 -1.09378446e-26 -9.09456938e-27
 -1.10218644e-26 -2.23257605e-26 -3.32050629e-26 -3.18452886e-26
 -3.29206509e-26 -2.65054152e-26 -9.99339040e-26 -7.50282710e-26
 -1.30456763e-25 -6.54203520e-26 -1.22007040e-25 -3.88271865e-25
 -9.88729761e-25]
dis=[[2.974203   3.5428061  1.8708861 ]
 [3.0535421  3.5226476  1.4659643 ]
 [2.7993026  3.5174878  1.0777261 ]
 [2.6164827  3.5387084  0.75162244]
 [2.4721754  3.5101895  0.49342978]
 [2.48479    3.4975848  0.48982823]
 [2.5252337  3.5525649  0.54279685]
 [2.5550644  3.5224051  0.5660613 ]
 [2.5787113  3.5064485  0.60143244]
 [2.565795   3.5170193  0.5859668 ]
 [2.5622108  3.5190887  0.579917  ]
 [2.574255   3.5049884  0.58609647]
 [2.60454    3.4733212  0.6097167 ]
 [2.6098237  3.4722     0.6220656 ]
 [2.608589   3.4732738  0.62070125]
 [2.6122553  3.4685774  0.6219805 ]
 [2.6121535  3.465299   0.6156409 ]
 [2.656239   3.4241605  0.65985096]
 [2.653834   3.4230776  0.6517016 ]
 [2.6608186  3.4220314  0.6680721 ]
 [2.6464407  3.431268   0.64648145]
 [2.6792333  3.395325   0.67063993]
 [2.7132976  3.3656492  0.7086654 ]
 [2.7464027  3.334215   0.74130124]
 [2.772633   3.3101578  0.7683635 ]]
sel = [1. 0. 0.]
epoch = 9000






R_tot=[-1.7418658e-18 -1.4154517e-18 -1.0113776e-17 -1.4642440e-17
 -2.0547630e-17 -5.6934365e-17 -6.6106772e-17 -3.9805010e-17
 -2.0347556e-17 -1.8045582e-17 -4.8364566e-17 -8.1816461e-17
 -2.8954812e-17 -2.8505038e-17 -2.0532585e-17 -2.7477522e-17
 -1.9602271e-17 -9.6674716e-18 -6.8838268e-18 -1.0741896e-17
 -7.9681572e-18 -1.5024538e-17 -1.1690771e-17 -3.0667057e-18
 -2.7876911e-18]
dis=[[2.413816   3.205428   0.46489003]
 [2.4651358  3.127804   0.40462443]
 [2.4642017  3.112981   0.4041919 ]
 [2.4709592  3.099346   0.3971948 ]
 [2.488324   3.0579665  0.3822037 ]
 [2.4699948  3.0518541  0.40429223]
 [2.4558089  3.072562   0.41582626]
 [2.4442568  3.0997405  0.42463014]
 [2.4377692  3.1045785  0.43107027]
 [2.461843   3.0646274  0.41062775]
 [2.4749289  3.0431087  0.4009255 ]
 [2.4439714  3.085482   0.4267217 ]
 [2.4145     3.086116   0.4600662 ]
 [2.3996081  3.0993755  0.4740663 ]
 [2.3771262  3.0876024  0.50451803]
 [2.3676527  3.1012454  0.5113656 ]
 [2.353078   3.1296072  0.5206705 ]
 [2.3263552  3.143142   0.5484134 ]
 [2.3330517  3.125395   0.54548806]
 [2.3274443  3.137319   0.54866403]
 [2.347518   3.1119466  0.53231287]
 [2.3209789  3.1220078  0.5614789 ]
 [2.2744884  3.175135   0.6010231 ]
 [2.2538993  3.178888   0.6245151 ]
 [2.2205076  3.2032201  0.65746564]]
sel = [0. 1. 0.]
epoch = 10000






R_tot=[-3.15821671e-05 -2.60984980e-05 -5.57041494e-05 -1.10961206e-04
 -1.84999997e-04 -3.35575256e-04 -6.13213342e-04 -9.16147081e-04
 -1.36245124e-03 -1.67385128e-03 -2.53724493e-03 -4.23363643e-03
 -6.91349898e-03 -1.07493056e-02 -1.49621107e-02 -1.80678647e-02
 -2.87496094e-02 -4.52240929e-02 -4.88716848e-02 -6.54117167e-02
 -8.72910321e-02 -1.08687490e-01 -1.30921811e-01 -1.61875188e-01
 -1.70416608e-01]
dis=[[1.1089541  1.8084211  1.624318  ]
 [1.1818905  1.7478784  1.5648848 ]
 [1.2539979  1.6904631  1.5088347 ]
 [1.3058864  1.6465236  1.4658748 ]
 [1.3633385  1.5938375  1.4141839 ]
 [1.435568   1.5375662  1.3598529 ]
 [1.4881574  1.4984618  1.3224348 ]
 [1.5347846  1.4590449  1.2843742 ]
 [1.5854398  1.4360515  1.2641823 ]
 [1.643785   1.3918073  1.222362  ]
 [1.7205932  1.3346198  1.1688343 ]
 [1.7795844  1.278594   1.1151545 ]
 [1.8245792  1.2266765  1.0645319 ]
 [1.8766857  1.1841218  1.0249674 ]
 [1.9300288  1.1562542  1.0017011 ]
 [2.0086884  1.0908704  0.9419568 ]
 [2.0647485  1.025677   0.8797907 ]
 [2.1121833  1.0084239  0.86869955]
 [2.1834266  0.95741594 0.82568973]
 [2.2347395  0.90712655 0.78078604]
 [2.2731738  0.86692494 0.74486196]
 [2.3515573  0.8218615  0.71294373]
 [2.4203184  0.77124697 0.67470914]
 [2.4769921  0.7489832  0.6651145 ]
 [2.5155785  0.7305002  0.65564317]]
sel = [0. 0. 1.]
epoch = 11000






R_arr: [-1.1827818e-03 -1.1934345e-05 -7.1829483e-05 ... -6.7085990e-28
 -2.6186250e-08 -4.3328677e-07] 
 std_arr: [0. 0. 0. ... 0. 0. 0.]
Completed in: 0:00:50.116291, 0:00:00.004176 s/epoch
