Completed in: 0:02:08.022297, 0:00:00.064011 s/epoch
dis_j= (51, 3) [0.         2.889036   2.6522965  2.3429658  2.0117583  1.6657988
 1.3190597  0.96759903 0.64763564 0.4543751  0.502812   0.6816545
 0.8751667  1.0421065  1.1996653  1.3456206  1.4898831  1.6273949
 1.7576356  1.8865702  1.9937758  2.100566   2.1893096  2.2733035
 2.3386383  2.3855748  2.42123    2.4480329  2.4618928  2.4642918
 2.4726276  2.4733312  2.472537   2.4735882  2.4766963  2.4724646
 2.4596443  2.456194   2.4448488  2.4413762  2.4263685  2.427645
 2.4223394  2.4189157  2.4189632  2.4150097  2.4170272  2.4174395
 2.4101338  2.4091208  2.4122539 ]
pos_j= (51, 2) [[ 0.          0.        ]
 [ 0.09563231  0.0643847 ]
 [ 0.37742043  0.05726099]
 [ 0.72126555 -0.00390029]
 [ 1.0718071  -0.10808039]
 [ 1.3972399  -0.27330542]
 [ 1.665324   -0.49886632]
 [ 1.8760612  -0.7815721 ]
 [ 2.0065453  -1.1110921 ]
 [ 2.074958   -1.4354882 ]
 [ 2.078913   -1.7318487 ]
 [ 2.0375865  -1.9761994 ]
 [ 1.9629791  -2.1704905 ]
 [ 1.8686097  -2.3090339 ]
 [ 1.7604754  -2.4241304 ]
 [ 1.6448529  -2.517497  ]
 [ 1.5254457  -2.604473  ]
 [ 1.4139726  -2.6887827 ]
 [ 1.2998421  -2.7599263 ]
 [ 1.1912267  -2.8339045 ]
 [ 1.1005914  -2.8947322 ]
 [ 1.0083334  -2.9529805 ]
 [ 0.93293643 -3.0024767 ]
 [ 0.8657048  -3.0535922 ]
 [ 0.81363225 -3.0935585 ]
 [ 0.7774565  -3.1235826 ]
 [ 0.7524121   3.1341765 ]
 [ 0.7432661   3.1047328 ]
 [ 0.7511699   3.0763385 ]
 [ 0.76813173  3.0554698 ]
 [ 0.7838142   3.0279143 ]
 [ 0.8111603   3.0002387 ]
 [ 0.83339     2.9802315 ]
 [ 0.8564751   2.957431  ]
 [ 0.874614    2.9368541 ]
 [ 0.8952906   2.9242089 ]
 [ 0.9223378   2.9177172 ]
 [ 0.9445846   2.9033453 ]
 [ 0.9643538   2.901621  ]
 [ 0.97871614  2.8942902 ]
 [ 1.0007899   2.8956892 ]
 [ 1.0105689   2.886204  ]
 [ 1.0210893   2.884619  ]
 [ 1.0289314   2.8827903 ]
 [ 1.0415833   2.8728416 ]
 [ 1.0556538   2.8669813 ]
 [ 1.0604479   2.86078   ]
 [ 1.0625875   2.8586352 ]
 [ 1.0678537   2.8638093 ]
 [ 1.0740168   2.8604167 ]
 [ 1.0767453   2.8544428 ]]
dis_j= (51, 3) [0.         3.1997588  3.0845532  3.0244775  3.0452714  3.1236994
 2.8929255  2.624646   2.31704    2.0139756  1.728801   1.4829745
 1.275316   1.116467   0.9811941  0.8749372  0.7892816  0.7244992
 0.69562393 0.6866112  0.69883704 0.7302649  0.765635   0.8014627
 0.8339111  0.8579825  0.8744434  0.8756311  0.8614563  0.840595
 0.8202129  0.7889961  0.7644226  0.7391386  0.71950537 0.6981776
 0.6708826  0.6482483  0.62845415 0.6140259  0.59195864 0.582202
 0.5717012  0.5638877  0.55149907 0.5376817  0.5332236  0.53121936
 0.5256581  0.51970124 0.5173808 ]
pos_j= (51, 2) [[ 0.          0.        ]
 [ 0.09563231  0.0643847 ]
 [ 0.37742043  0.05726099]
 [ 0.72126555 -0.00390029]
 [ 1.0718071  -0.10808039]
 [ 1.3972399  -0.27330542]
 [ 1.665324   -0.49886632]
 [ 1.8760612  -0.7815721 ]
 [ 2.0065453  -1.1110921 ]
 [ 2.074958   -1.4354882 ]
 [ 2.078913   -1.7318487 ]
 [ 2.0375865  -1.9761994 ]
 [ 1.9629791  -2.1704905 ]
 [ 1.8686097  -2.3090339 ]
 [ 1.7604754  -2.4241304 ]
 [ 1.6448529  -2.517497  ]
 [ 1.5254457  -2.604473  ]
 [ 1.4139726  -2.6887827 ]
 [ 1.2998421  -2.7599263 ]
 [ 1.1912267  -2.8339045 ]
 [ 1.1005914  -2.8947322 ]
 [ 1.0083334  -2.9529805 ]
 [ 0.93293643 -3.0024767 ]
 [ 0.8657048  -3.0535922 ]
 [ 0.81363225 -3.0935585 ]
 [ 0.7774565  -3.1235826 ]
 [ 0.7524121   3.1341765 ]
 [ 0.7432661   3.1047328 ]
 [ 0.7511699   3.0763385 ]
 [ 0.76813173  3.0554698 ]
 [ 0.7838142   3.0279143 ]
 [ 0.8111603   3.0002387 ]
 [ 0.83339     2.9802315 ]
 [ 0.8564751   2.957431  ]
 [ 0.874614    2.9368541 ]
 [ 0.8952906   2.9242089 ]
 [ 0.9223378   2.9177172 ]
 [ 0.9445846   2.9033453 ]
 [ 0.9643538   2.901621  ]
 [ 0.97871614  2.8942902 ]
 [ 1.0007899   2.8956892 ]
 [ 1.0105689   2.886204  ]
 [ 1.0210893   2.884619  ]
 [ 1.0289314   2.8827903 ]
 [ 1.0415833   2.8728416 ]
 [ 1.0556538   2.8669813 ]
 [ 1.0604479   2.86078   ]
 [ 1.0625875   2.8586352 ]
 [ 1.0678537   2.8638093 ]
 [ 1.0740168   2.8604167 ]
 [ 1.0767453   2.8544428 ]]
dis_j= (51, 3) [0.         2.1191382  2.1049504  2.190318   2.3686683  2.6332214
 2.94824    3.2948456  3.413764   3.1672106  2.9224231  2.7009747
 2.5020344  2.3349614  2.177473   2.0325036  1.8909532  1.7571867
 1.6339     1.5129998  1.4143333  1.3188515  1.2407804  1.1662393
 1.1091349  1.0679291  1.0353334  1.004542   0.9807824  0.96775496
 0.94868034 0.9353059  0.92769265 0.918997   0.9106501  0.91108215
 0.92084724 0.92215085 0.93267924 0.93575346 0.95073575 0.9497351
 0.95537746 0.9591521  0.9601607  0.9653904  0.9641696  0.96409476
 0.97147405 0.97330964 0.9709438 ]
pos_j= (51, 2) [[ 0.          0.        ]
 [ 0.09563231  0.0643847 ]
 [ 0.37742043  0.05726099]
 [ 0.72126555 -0.00390029]
 [ 1.0718071  -0.10808039]
 [ 1.3972399  -0.27330542]
 [ 1.665324   -0.49886632]
 [ 1.8760612  -0.7815721 ]
 [ 2.0065453  -1.1110921 ]
 [ 2.074958   -1.4354882 ]
 [ 2.078913   -1.7318487 ]
 [ 2.0375865  -1.9761994 ]
 [ 1.9629791  -2.1704905 ]
 [ 1.8686097  -2.3090339 ]
 [ 1.7604754  -2.4241304 ]
 [ 1.6448529  -2.517497  ]
 [ 1.5254457  -2.604473  ]
 [ 1.4139726  -2.6887827 ]
 [ 1.2998421  -2.7599263 ]
 [ 1.1912267  -2.8339045 ]
 [ 1.1005914  -2.8947322 ]
 [ 1.0083334  -2.9529805 ]
 [ 0.93293643 -3.0024767 ]
 [ 0.8657048  -3.0535922 ]
 [ 0.81363225 -3.0935585 ]
 [ 0.7774565  -3.1235826 ]
 [ 0.7524121   3.1341765 ]
 [ 0.7432661   3.1047328 ]
 [ 0.7511699   3.0763385 ]
 [ 0.76813173  3.0554698 ]
 [ 0.7838142   3.0279143 ]
 [ 0.8111603   3.0002387 ]
 [ 0.83339     2.9802315 ]
 [ 0.8564751   2.957431  ]
 [ 0.874614    2.9368541 ]
 [ 0.8952906   2.9242089 ]
 [ 0.9223378   2.9177172 ]
 [ 0.9445846   2.9033453 ]
 [ 0.9643538   2.901621  ]
 [ 0.97871614  2.8942902 ]
 [ 1.0007899   2.8956892 ]
 [ 1.0105689   2.886204  ]
 [ 1.0210893   2.884619  ]
 [ 1.0289314   2.8827903 ]
 [ 1.0415833   2.8728416 ]
 [ 1.0556538   2.8669813 ]
 [ 1.0604479   2.86078   ]
 [ 1.0625875   2.8586352 ]
 [ 1.0678537   2.8638093 ]
 [ 1.0740168   2.8604167 ]
 [ 1.0767453   2.8544428 ]]
dis_j= (51, 3) [0.        1.7341107 1.7758942 1.9170698 2.1278903 2.380417  2.625984
 2.8475661 3.0307434 3.1819482 3.299836  3.3890648 3.4583018 3.265595
 3.0996819 2.974349  2.8888478 2.8498755 2.8482559 2.866695  2.903401
 2.9427776 2.9759328 2.9989367 3.0214796 3.0421922 3.0600998 3.069472
 3.0804868 3.085629  3.091746  3.1018176 3.11505   3.1279972 3.136048
 3.1464386 3.1545513 3.1611912 3.1503174 3.141744  3.1368167 3.129358
 3.119828  3.1107445 3.0994189 3.0936546 3.0915987 3.0892782 3.0837646
 3.080213  3.076478 ]
pos_j= (51, 2) [[ 0.          0.        ]
 [ 0.06660151  0.03354859]
 [ 0.32082152  0.01695013]
 [ 0.62165785 -0.05286813]
 [ 0.9363148  -0.15300012]
 [ 1.248914   -0.27104712]
 [ 1.559313   -0.3597715 ]
 [ 1.8770726  -0.39080405]
 [ 2.1884263  -0.34934235]
 [ 2.4811785  -0.24853253]
 [ 2.7466013  -0.09014916]
 [ 2.9690187   0.09875536]
 [-3.1321356   0.30071115]
 [-2.991439    0.50151753]
 [-2.892193    0.70254755]
 [-2.8228161   0.8889854 ]
 [-2.779444    1.0499012 ]
 [-2.768891    1.1757863 ]
 [-2.7842777   1.2627404 ]
 [-2.8123963   1.3184288 ]
 [-2.8532107   1.3424699 ]
 [-2.8938496   1.348274  ]
 [-2.9271967   1.3472569 ]
 [-2.9488137   1.3359692 ]
 [-2.9716856   1.3366234 ]
 [-2.9928524   1.338321  ]
 [-3.010298    1.333812  ]
 [-3.0207808   1.3409975 ]
 [-3.0328157   1.347583  ]
 [-3.0394871   1.3585255 ]
 [-3.0457718   1.3593771 ]
 [-3.056822    1.3661497 ]
 [-3.0716155   1.3774841 ]
 [-3.085296    1.3825481 ]
 [-3.094659    1.3928158 ]
 [-3.1064546   1.4040906 ]
 [-3.1155016   1.4117754 ]
 [-3.1237328   1.4056304 ]
 [-3.1342223   1.4096067 ]
 [ 3.1411774   1.4170535 ]
 [ 3.1361907   1.4167984 ]
 [ 3.1296132   1.4251406 ]
 [ 3.1204116   1.4286606 ]
 [ 3.111132    1.427366  ]
 [ 3.1004283   1.4336865 ]
 [ 3.0948899   1.4360874 ]
 [ 3.0939972   1.4471939 ]
 [ 3.091706    1.4475954 ]
 [ 3.0865448   1.4512856 ]
 [ 3.0834124   1.4555671 ]
 [ 3.0804455   1.4634039 ]]
dis_j= (51, 3) [0.        3.21307   3.30505   3.4013467 3.4556472 3.5242074 3.6434047
 3.8329394 4.0835204 4.1880965 4.1173034 3.9511695 3.6794968 3.4351761
 3.2178407 3.0323808 2.8851576 2.7881253 2.7390325 2.722229  2.7370143
 2.7641366 2.7903407 2.814181  2.8314095 2.8467362 2.8631327 2.8668015
 2.8721097 2.8705652 2.8749838 2.8795316 2.8843195 2.8921218 2.8933973
 2.896089  2.898786  2.9090576 2.9151545 2.9170535 2.9212387 2.9216821
 2.9271038 2.935407  2.9404697 2.9436088 2.9379537 2.9396005 2.9417207
 2.94185   2.9398317]
pos_j= (51, 2) [[ 0.          0.        ]
 [ 0.06660151  0.03354859]
 [ 0.32082152  0.01695013]
 [ 0.62165785 -0.05286813]
 [ 0.9363148  -0.15300012]
 [ 1.248914   -0.27104712]
 [ 1.559313   -0.3597715 ]
 [ 1.8770726  -0.39080405]
 [ 2.1884263  -0.34934235]
 [ 2.4811785  -0.24853253]
 [ 2.7466013  -0.09014916]
 [ 2.9690187   0.09875536]
 [-3.1321356   0.30071115]
 [-2.991439    0.50151753]
 [-2.892193    0.70254755]
 [-2.8228161   0.8889854 ]
 [-2.779444    1.0499012 ]
 [-2.768891    1.1757863 ]
 [-2.7842777   1.2627404 ]
 [-2.8123963   1.3184288 ]
 [-2.8532107   1.3424699 ]
 [-2.8938496   1.348274  ]
 [-2.9271967   1.3472569 ]
 [-2.9488137   1.3359692 ]
 [-2.9716856   1.3366234 ]
 [-2.9928524   1.338321  ]
 [-3.010298    1.333812  ]
 [-3.0207808   1.3409975 ]
 [-3.0328157   1.347583  ]
 [-3.0394871   1.3585255 ]
 [-3.0457718   1.3593771 ]
 [-3.056822    1.3661497 ]
 [-3.0716155   1.3774841 ]
 [-3.085296    1.3825481 ]
 [-3.094659    1.3928158 ]
 [-3.1064546   1.4040906 ]
 [-3.1155016   1.4117754 ]
 [-3.1237328   1.4056304 ]
 [-3.1342223   1.4096067 ]
 [ 3.1411774   1.4170535 ]
 [ 3.1361907   1.4167984 ]
 [ 3.1296132   1.4251406 ]
 [ 3.1204116   1.4286606 ]
 [ 3.111132    1.427366  ]
 [ 3.1004283   1.4336865 ]
 [ 3.0948899   1.4360874 ]
 [ 3.0939972   1.4471939 ]
 [ 3.091706    1.4475954 ]
 [ 3.0865448   1.4512856 ]
 [ 3.0834124   1.4555671 ]
 [ 3.0804455   1.4634039 ]]
dis_j= (51, 3) [0.         3.2448075  3.0156937  2.7728293  2.5485768  2.3622406
 2.1914477  2.0068803  1.7992362  1.5780979  1.3419269  1.1146214
 0.90779024 0.7328185  0.58606005 0.48640594 0.44058213 0.42345768
 0.41080764 0.3949988  0.36431092 0.3294114  0.299171   0.27478537
 0.25516838 0.23813723 0.22118866 0.21707407 0.21207874 0.21474111
 0.21096323 0.2086349  0.20860623 0.20539626 0.20978722 0.21493837
 0.21872614 0.2101859  0.2108815  0.21615571 0.21482536 0.22178452
 0.22389987 0.22162092 0.2272683  0.22952999 0.24062638 0.24101937
 0.24476935 0.2491376  0.2570857 ]
pos_j= (51, 2) [[ 0.          0.        ]
 [ 0.06660151  0.03354859]
 [ 0.32082152  0.01695013]
 [ 0.62165785 -0.05286813]
 [ 0.9363148  -0.15300012]
 [ 1.248914   -0.27104712]
 [ 1.559313   -0.3597715 ]
 [ 1.8770726  -0.39080405]
 [ 2.1884263  -0.34934235]
 [ 2.4811785  -0.24853253]
 [ 2.7466013  -0.09014916]
 [ 2.9690187   0.09875536]
 [-3.1321356   0.30071115]
 [-2.991439    0.50151753]
 [-2.892193    0.70254755]
 [-2.8228161   0.8889854 ]
 [-2.779444    1.0499012 ]
 [-2.768891    1.1757863 ]
 [-2.7842777   1.2627404 ]
 [-2.8123963   1.3184288 ]
 [-2.8532107   1.3424699 ]
 [-2.8938496   1.348274  ]
 [-2.9271967   1.3472569 ]
 [-2.9488137   1.3359692 ]
 [-2.9716856   1.3366234 ]
 [-2.9928524   1.338321  ]
 [-3.010298    1.333812  ]
 [-3.0207808   1.3409975 ]
 [-3.0328157   1.347583  ]
 [-3.0394871   1.3585255 ]
 [-3.0457718   1.3593771 ]
 [-3.056822    1.3661497 ]
 [-3.0716155   1.3774841 ]
 [-3.085296    1.3825481 ]
 [-3.094659    1.3928158 ]
 [-3.1064546   1.4040906 ]
 [-3.1155016   1.4117754 ]
 [-3.1237328   1.4056304 ]
 [-3.1342223   1.4096067 ]
 [ 3.1411774   1.4170535 ]
 [ 3.1361907   1.4167984 ]
 [ 3.1296132   1.4251406 ]
 [ 3.1204116   1.4286606 ]
 [ 3.111132    1.427366  ]
 [ 3.1004283   1.4336865 ]
 [ 3.0948899   1.4360874 ]
 [ 3.0939972   1.4471939 ]
 [ 3.091706    1.4475954 ]
 [ 3.0865448   1.4512856 ]
 [ 3.0834124   1.4555671 ]
 [ 3.0804455   1.4634039 ]]
dis_j= (51, 3) [0.         2.9434576  2.6665173  2.3484662  2.0151691  1.6559714
 1.298803   0.97853297 0.7377282  0.64040786 0.6552538  0.69226307
 0.71371543 0.7233859  0.7262618  0.70389694 0.6489002  0.5666367
 0.47449633 0.38240358 0.31561357 0.27504393 0.2556769  0.24333395
 0.22770143 0.22013514 0.22469431 0.22992209 0.23664741 0.24696122
 0.24965954 0.2422953  0.24132685 0.23933011 0.24108262 0.24047045
 0.2465802  0.24365923 0.24096267 0.23975392 0.24251518 0.23824449
 0.23378533 0.23465697 0.23144412 0.2391016  0.2359588  0.23634262
 0.23405585 0.2351536  0.23456244]
pos_j= (51, 2) [[ 0.          0.        ]
 [-0.18128204 -0.06793857]
 [-0.35299015 -0.28622103]
 [-0.5131159  -0.56180716]
 [-0.71056414 -0.8306644 ]
 [-0.9567952  -1.0992141 ]
 [-1.2436261  -1.3472215 ]
 [-1.5427915  -1.5704675 ]
 [-1.8267057  -1.7678441 ]
 [-2.0751204  -1.9134585 ]
 [-2.2493088  -2.0011077 ]
 [-2.3177621  -2.0132153 ]
 [-2.3090994  -1.9755399 ]
 [-2.257577   -1.9212501 ]
 [-2.2155719  -1.8894026 ]
 [-2.1776814  -1.892891  ]
 [-2.1545649  -1.9430189 ]
 [-2.1415696  -2.0315392 ]
 [-2.1247544  -2.132836  ]
 [-2.1130211  -2.2471771 ]
 [-2.1038406  -2.3467116 ]
 [-2.096335   -2.432707  ]
 [-2.0844278  -2.4708724 ]
 [-2.0738177  -2.4880466 ]
 [-2.0581396  -2.4880183 ]
 [-2.049815   -2.4804652 ]
 [-2.0546968  -2.4832296 ]
 [-2.0593426  -2.4776986 ]
 [-2.0660229  -2.4769204 ]
 [-2.0756118  -2.4707594 ]
 [-2.0783699  -2.4709933 ]
 [-2.0703478  -2.467159  ]
 [-2.0675545  -2.4572382 ]
 [-2.064912   -2.4543955 ]
 [-2.0667233  -2.4544766 ]
 [-2.0676975  -2.4624937 ]
 [-2.0751684  -2.4703507 ]
 [-2.0720203  -2.4690304 ]
 [-2.0688624  -2.4663284 ]
 [-2.0682847  -2.4704545 ]
 [-2.070636   -2.46757   ]
 [-2.066503   -2.4687788 ]
 [-2.063426   -2.4793472 ]
 [-2.0640178  -2.476922  ]
 [-2.061444   -2.4828699 ]
 [-2.0694106  -2.4859457 ]
 [-2.0654616  -2.4780254 ]
 [-2.0664794  -2.4840813 ]
 [-2.0638797  -2.481011  ]
 [-2.0655324  -2.4869697 ]
 [-2.064827   -2.4856055 ]]
dis_j= (51, 3) [0.        2.8401241 2.8215425 2.8778543 2.9382496 3.0071115 3.0808568
 3.170694  3.192549  2.9980602 2.8854134 2.8658109 2.9041634 2.963719
 3.0004666 3.0021217 2.9559116 2.8704941 2.773395  2.662956  2.5669398
 2.4841473 2.4492784 2.4347715 2.4382448 2.4474716 2.4436817 2.4480393
 2.4473279 2.4512649 2.450446  2.455915  2.4662051 2.469553  2.469081
 2.4610438 2.4517593 2.4537263 2.4570477 2.4531448 2.4554513 2.455168
 2.4455302 2.447766  2.4425318 2.4377806 2.4463727 2.440241  2.4438074
 2.4376314 2.439117 ]
pos_j= (51, 2) [[ 0.          0.        ]
 [-0.18128204 -0.06793857]
 [-0.35299015 -0.28622103]
 [-0.5131159  -0.56180716]
 [-0.71056414 -0.8306644 ]
 [-0.9567952  -1.0992141 ]
 [-1.2436261  -1.3472215 ]
 [-1.5427915  -1.5704675 ]
 [-1.8267057  -1.7678441 ]
 [-2.0751204  -1.9134585 ]
 [-2.2493088  -2.0011077 ]
 [-2.3177621  -2.0132153 ]
 [-2.3090994  -1.9755399 ]
 [-2.257577   -1.9212501 ]
 [-2.2155719  -1.8894026 ]
 [-2.1776814  -1.892891  ]
 [-2.1545649  -1.9430189 ]
 [-2.1415696  -2.0315392 ]
 [-2.1247544  -2.132836  ]
 [-2.1130211  -2.2471771 ]
 [-2.1038406  -2.3467116 ]
 [-2.096335   -2.432707  ]
 [-2.0844278  -2.4708724 ]
 [-2.0738177  -2.4880466 ]
 [-2.0581396  -2.4880183 ]
 [-2.049815   -2.4804652 ]
 [-2.0546968  -2.4832296 ]
 [-2.0593426  -2.4776986 ]
 [-2.0660229  -2.4769204 ]
 [-2.0756118  -2.4707594 ]
 [-2.0783699  -2.4709933 ]
 [-2.0703478  -2.467159  ]
 [-2.0675545  -2.4572382 ]
 [-2.064912   -2.4543955 ]
 [-2.0667233  -2.4544766 ]
 [-2.0676975  -2.4624937 ]
 [-2.0751684  -2.4703507 ]
 [-2.0720203  -2.4690304 ]
 [-2.0688624  -2.4663284 ]
 [-2.0682847  -2.4704545 ]
 [-2.070636   -2.46757   ]
 [-2.066503   -2.4687788 ]
 [-2.063426   -2.4793472 ]
 [-2.0640178  -2.476922  ]
 [-2.061444   -2.4828699 ]
 [-2.0694106  -2.4859457 ]
 [-2.0654616  -2.4780254 ]
 [-2.0664794  -2.4840813 ]
 [-2.0638797  -2.481011  ]
 [-2.0655324  -2.4869697 ]
 [-2.064827   -2.4856055 ]]
dis_j= (51, 3) [0.        1.9405788 1.8664023 1.8747622 1.9056262 1.965595  2.0537832
 2.1776812 2.3302495 2.468517  2.5658617 2.5849261 2.5465062 2.487114
 2.451696  2.4524353 2.5011048 2.588854  2.6893308 2.803171  2.9023702
 2.9881275 3.026001  3.0429623 3.0426939 3.0350466 3.0378637 3.0323908
 3.0317082 3.0257108 3.0259974 3.0220177 3.012052  3.0091689 3.009278
 3.0173097 3.0252943 3.0239174 3.0211625 3.0252788 3.0224338 3.023575
 3.0340958 3.0316794 3.03759   3.040786  3.0328043 3.038875  3.0357664
 3.0417488 3.040374 ]
pos_j= (51, 2) [[ 0.          0.        ]
 [-0.18128204 -0.06793857]
 [-0.35299015 -0.28622103]
 [-0.5131159  -0.56180716]
 [-0.71056414 -0.8306644 ]
 [-0.9567952  -1.0992141 ]
 [-1.2436261  -1.3472215 ]
 [-1.5427915  -1.5704675 ]
 [-1.8267057  -1.7678441 ]
 [-2.0751204  -1.9134585 ]
 [-2.2493088  -2.0011077 ]
 [-2.3177621  -2.0132153 ]
 [-2.3090994  -1.9755399 ]
 [-2.257577   -1.9212501 ]
 [-2.2155719  -1.8894026 ]
 [-2.1776814  -1.892891  ]
 [-2.1545649  -1.9430189 ]
 [-2.1415696  -2.0315392 ]
 [-2.1247544  -2.132836  ]
 [-2.1130211  -2.2471771 ]
 [-2.1038406  -2.3467116 ]
 [-2.096335   -2.432707  ]
 [-2.0844278  -2.4708724 ]
 [-2.0738177  -2.4880466 ]
 [-2.0581396  -2.4880183 ]
 [-2.049815   -2.4804652 ]
 [-2.0546968  -2.4832296 ]
 [-2.0593426  -2.4776986 ]
 [-2.0660229  -2.4769204 ]
 [-2.0756118  -2.4707594 ]
 [-2.0783699  -2.4709933 ]
 [-2.0703478  -2.467159  ]
 [-2.0675545  -2.4572382 ]
 [-2.064912   -2.4543955 ]
 [-2.0667233  -2.4544766 ]
 [-2.0676975  -2.4624937 ]
 [-2.0751684  -2.4703507 ]
 [-2.0720203  -2.4690304 ]
 [-2.0688624  -2.4663284 ]
 [-2.0682847  -2.4704545 ]
 [-2.070636   -2.46757   ]
 [-2.066503   -2.4687788 ]
 [-2.063426   -2.4793472 ]
 [-2.0640178  -2.476922  ]
 [-2.061444   -2.4828699 ]
 [-2.0694106  -2.4859457 ]
 [-2.0654616  -2.4780254 ]
 [-2.0664794  -2.4840813 ]
 [-2.0638797  -2.481011  ]
 [-2.0655324  -2.4869697 ]
 [-2.064827   -2.4856055 ]]
dis_j= (51, 3) [0.         2.3016624  2.0784175  1.7886925  1.4454788  1.0825486
 0.76356614 0.56681144 0.55323815 0.63076377 0.6726835  0.6443415
 0.5453523  0.40836236 0.267971   0.24684322 0.4096901  0.65590954
 0.9397606  1.2413795  1.5432949  1.833681   2.1129413  2.3866632
 2.6505687  2.9215546  3.1996882  3.148564   2.9291067  2.6969903
 2.438236   2.1296048  1.7696617  1.3765178  0.9753189  0.5853348
 0.2354267  0.13887653 0.30702555 0.36235988 0.30695665 0.24831529
 0.3167895  0.5145232  0.7842761  1.0904752  1.4043617  1.7197775
 2.011133   2.2905612  2.5652525 ]
pos_j= (51, 2) [[ 0.0000000e+00  0.0000000e+00]
 [-1.4969969e-01 -6.3203335e-02]
 [-2.1080136e-01 -2.7816558e-01]
 [-2.3163843e-01 -5.7140994e-01]
 [-3.0909061e-01 -9.0593219e-01]
 [-4.7162890e-01 -1.2405397e+00]
 [-6.9754267e-01 -1.5389491e+00]
 [-9.3409777e-01 -1.7944894e+00]
 [-1.1422729e+00 -1.9947673e+00]
 [-1.2906361e+00 -2.1351891e+00]
 [-1.3517565e+00 -2.2352459e+00]
 [-1.3267267e+00 -2.2947819e+00]
 [-1.2271446e+00 -2.3287296e+00]
 [-1.0857739e+00 -2.3661883e+00]
 [-9.1748071e-01 -2.4310496e+00]
 [-7.4066758e-01 -2.5422406e+00]
 [-5.6621146e-01 -2.6952262e+00]
 [-4.0426564e-01 -2.8963709e+00]
 [-2.5470185e-01 -3.1391447e+00]
 [-1.3759494e-01  2.8653920e+00]
 [-6.2432289e-02  2.5675390e+00]
 [-4.2277336e-02  2.2625086e+00]
 [-3.9005041e-02  1.9682276e+00]
 [-2.1114826e-02  1.6876070e+00]
 [ 2.7083158e-02  1.4269783e+00]
 [ 1.2855387e-01  1.1740801e+00]
 [ 2.5758481e-01  9.2232728e-01]
 [ 4.0408278e-01  6.5279007e-01]
 [ 5.4582191e-01  3.5678148e-01]
 [ 6.5904117e-01  3.7337780e-02]
 [ 7.1179485e-01 -3.0208254e-01]
 [ 6.6128850e-01 -6.5020418e-01]
 [ 5.0899434e-01 -9.9385095e-01]
 [ 2.7021074e-01 -1.3087475e+00]
 [-8.8992119e-03 -1.5969555e+00]
 [-3.0367804e-01 -1.8560879e+00]
 [-5.8541894e-01 -2.0878556e+00]
 [-8.1952572e-01 -2.2801983e+00]
 [-9.6907020e-01 -2.4123747e+00]
 [-9.9598742e-01 -2.4839871e+00]
 [-9.0760732e-01 -2.5109742e+00]
 [-7.7174664e-01 -2.5340617e+00]
 [-6.1934924e-01 -2.6128113e+00]
 [-4.5444083e-01 -2.7636197e+00]
 [-3.0483556e-01 -2.9897606e+00]
 [-1.7701840e-01  3.0145400e+00]
 [-8.5392475e-02  2.7096865e+00]
 [-2.9827595e-02  2.3896735e+00]
 [-9.7048283e-03  2.0855362e+00]
 [ 6.3514709e-04  1.7944767e+00]
 [ 3.6327839e-02  1.5183194e+00]]
dis_j= (51, 3) [0.        4.0202723 3.8381143 3.6485937 3.4039156 3.1012108 2.770543
 2.4566092 2.195918  2.0153909 1.933348  1.9467518 2.0396469 2.1747258
 2.335475  2.505374  2.6791315 2.8527975 3.0329957 3.2054398 3.285878
 3.3805625 3.5090725 3.6371179 3.7455158 3.823396  3.898207  3.9934733
 3.8898096 3.573971  3.2908967 3.0932999 3.0122616 3.0672493 3.2176428
 3.040789  2.7136662 2.4499972 2.2857726 2.2532306 2.339914  2.4746153
 2.625233  2.7933233 2.9617174 3.133441  3.2636287 3.3187249 3.428172
 3.5619009 3.6844008]
pos_j= (51, 2) [[ 0.0000000e+00  0.0000000e+00]
 [-1.4969969e-01 -6.3203335e-02]
 [-2.1080136e-01 -2.7816558e-01]
 [-2.3163843e-01 -5.7140994e-01]
 [-3.0909061e-01 -9.0593219e-01]
 [-4.7162890e-01 -1.2405397e+00]
 [-6.9754267e-01 -1.5389491e+00]
 [-9.3409777e-01 -1.7944894e+00]
 [-1.1422729e+00 -1.9947673e+00]
 [-1.2906361e+00 -2.1351891e+00]
 [-1.3517565e+00 -2.2352459e+00]
 [-1.3267267e+00 -2.2947819e+00]
 [-1.2271446e+00 -2.3287296e+00]
 [-1.0857739e+00 -2.3661883e+00]
 [-9.1748071e-01 -2.4310496e+00]
 [-7.4066758e-01 -2.5422406e+00]
 [-5.6621146e-01 -2.6952262e+00]
 [-4.0426564e-01 -2.8963709e+00]
 [-2.5470185e-01 -3.1391447e+00]
 [-1.3759494e-01  2.8653920e+00]
 [-6.2432289e-02  2.5675390e+00]
 [-4.2277336e-02  2.2625086e+00]
 [-3.9005041e-02  1.9682276e+00]
 [-2.1114826e-02  1.6876070e+00]
 [ 2.7083158e-02  1.4269783e+00]
 [ 1.2855387e-01  1.1740801e+00]
 [ 2.5758481e-01  9.2232728e-01]
 [ 4.0408278e-01  6.5279007e-01]
 [ 5.4582191e-01  3.5678148e-01]
 [ 6.5904117e-01  3.7337780e-02]
 [ 7.1179485e-01 -3.0208254e-01]
 [ 6.6128850e-01 -6.5020418e-01]
 [ 5.0899434e-01 -9.9385095e-01]
 [ 2.7021074e-01 -1.3087475e+00]
 [-8.8992119e-03 -1.5969555e+00]
 [-3.0367804e-01 -1.8560879e+00]
 [-5.8541894e-01 -2.0878556e+00]
 [-8.1952572e-01 -2.2801983e+00]
 [-9.6907020e-01 -2.4123747e+00]
 [-9.9598742e-01 -2.4839871e+00]
 [-9.0760732e-01 -2.5109742e+00]
 [-7.7174664e-01 -2.5340617e+00]
 [-6.1934924e-01 -2.6128113e+00]
 [-4.5444083e-01 -2.7636197e+00]
 [-3.0483556e-01 -2.9897606e+00]
 [-1.7701840e-01  3.0145400e+00]
 [-8.5392475e-02  2.7096865e+00]
 [-2.9827595e-02  2.3896735e+00]
 [-9.7048283e-03  2.0855362e+00]
 [ 6.3514709e-04  1.7944767e+00]
 [ 3.6327839e-02  1.5183194e+00]]
dis_j= (51, 3) [0.         1.8650763  2.0666785  2.3546617  2.6802132  3.0075243
 2.983397   2.7547963  2.5997365  2.5059476  2.4315476  2.36703
 2.3022587  2.22601    2.124833   1.9876342  1.822086   1.6235212
 1.400762   1.1600525  0.91738564 0.68158025 0.5122832  0.49524888
 0.635529   0.8712048  1.1411487  1.4409834  1.7614609  2.0874605
 2.4026675  2.685803   2.942654   3.1729093  2.9621823  2.6683464
 2.4297607  2.2575667  2.153569   2.0897539  2.0445065  1.9995892
 1.9067724  1.7537062  1.540409   1.2914649  1.0341374  0.78651905
 0.5932343  0.5113886  0.6001564 ]
pos_j= (51, 2) [[ 0.0000000e+00  0.0000000e+00]
 [-1.4969969e-01 -6.3203335e-02]
 [-2.1080136e-01 -2.7816558e-01]
 [-2.3163843e-01 -5.7140994e-01]
 [-3.0909061e-01 -9.0593219e-01]
 [-4.7162890e-01 -1.2405397e+00]
 [-6.9754267e-01 -1.5389491e+00]
 [-9.3409777e-01 -1.7944894e+00]
 [-1.1422729e+00 -1.9947673e+00]
 [-1.2906361e+00 -2.1351891e+00]
 [-1.3517565e+00 -2.2352459e+00]
 [-1.3267267e+00 -2.2947819e+00]
 [-1.2271446e+00 -2.3287296e+00]
 [-1.0857739e+00 -2.3661883e+00]
 [-9.1748071e-01 -2.4310496e+00]
 [-7.4066758e-01 -2.5422406e+00]
 [-5.6621146e-01 -2.6952262e+00]
 [-4.0426564e-01 -2.8963709e+00]
 [-2.5470185e-01 -3.1391447e+00]
 [-1.3759494e-01  2.8653920e+00]
 [-6.2432289e-02  2.5675390e+00]
 [-4.2277336e-02  2.2625086e+00]
 [-3.9005041e-02  1.9682276e+00]
 [-2.1114826e-02  1.6876070e+00]
 [ 2.7083158e-02  1.4269783e+00]
 [ 1.2855387e-01  1.1740801e+00]
 [ 2.5758481e-01  9.2232728e-01]
 [ 4.0408278e-01  6.5279007e-01]
 [ 5.4582191e-01  3.5678148e-01]
 [ 6.5904117e-01  3.7337780e-02]
 [ 7.1179485e-01 -3.0208254e-01]
 [ 6.6128850e-01 -6.5020418e-01]
 [ 5.0899434e-01 -9.9385095e-01]
 [ 2.7021074e-01 -1.3087475e+00]
 [-8.8992119e-03 -1.5969555e+00]
 [-3.0367804e-01 -1.8560879e+00]
 [-5.8541894e-01 -2.0878556e+00]
 [-8.1952572e-01 -2.2801983e+00]
 [-9.6907020e-01 -2.4123747e+00]
 [-9.9598742e-01 -2.4839871e+00]
 [-9.0760732e-01 -2.5109742e+00]
 [-7.7174664e-01 -2.5340617e+00]
 [-6.1934924e-01 -2.6128113e+00]
 [-4.5444083e-01 -2.7636197e+00]
 [-3.0483556e-01 -2.9897606e+00]
 [-1.7701840e-01  3.0145400e+00]
 [-8.5392475e-02  2.7096865e+00]
 [-2.9827595e-02  2.3896735e+00]
 [-9.7048283e-03  2.0855362e+00]
 [ 6.3514709e-04  1.7944767e+00]
 [ 3.6327839e-02  1.5183194e+00]]
dis_j= (51, 3) [0.         3.6728845  3.5416486  3.447409   3.4242983  3.5027578
 3.6681848  3.7123303  3.429545   3.1706529  2.9036968  2.6203392
 2.2993705  1.9478837  1.5824531  1.2196841  0.87513906 0.5802878
 0.3635069  0.26354593 0.27154493 0.28131413 0.26064658 0.24306105
 0.22968282 0.22436833 0.22369343 0.23028758 0.2414682  0.25014073
 0.26065254 0.27135852 0.27370235 0.2816706  0.28992337 0.29875663
 0.3111672  0.3124974  0.31749693 0.32349834 0.31763342 0.31680936
 0.31612778 0.31703302 0.31667465 0.31246254 0.31694874 0.31393772
 0.3166392  0.31832173 0.3197085 ]
pos_j= (51, 2) [[ 0.          0.        ]
 [-0.09601808 -0.03945851]
 [-0.06415582 -0.2150948 ]
 [ 0.08991241 -0.44047618]
 [ 0.31925845 -0.66476536]
 [ 0.6027367  -0.8421738 ]
 [ 0.91222596 -0.958308  ]
 [ 1.2414362  -1.0280201 ]
 [ 1.5599749  -1.0729706 ]
 [ 1.850313   -1.125684  ]
 [ 2.1193326  -1.2236018 ]
 [ 2.364137   -1.3761702 ]
 [ 2.6077034  -1.5857769 ]
 [ 2.8636935  -1.8266481 ]
 [ 3.1200368  -2.0873837 ]
 [-2.911277   -2.3492393 ]
 [-2.6839535  -2.6125584 ]
 [-2.5011804  -2.8611226 ]
 [-2.3664467  -3.0929694 ]
 [-2.2579262   3.0156834 ]
 [-2.1905558   2.9056323 ]
 [-2.1605132   2.8712676 ]
 [-2.145385    2.8862507 ]
 [-2.1512759   2.9109938 ]
 [-2.1695673   2.9431117 ]
 [-2.1916068   2.9758017 ]
 [-2.2042172   2.9958985 ]
 [-2.2214205   3.01459   ]
 [-2.2414153   3.0351489 ]
 [-2.2559197   3.0552142 ]
 [-2.2693274   3.0693796 ]
 [-2.2813551   3.0782216 ]
 [-2.2848198   3.0897377 ]
 [-2.2934225   3.1017268 ]
 [-2.3017657   3.114566  ]
 [-2.3103287   3.1235936 ]
 [-2.3225634   3.127392  ]
 [-2.3238523   3.1281574 ]
 [-2.3288128   3.1289685 ]
 [-2.3348048   3.129306  ]
 [-2.3288157   3.1310985 ]
 [-2.3277838   3.133999  ]
 [-2.3270495   3.1346605 ]
 [-2.328047    3.1334784 ]
 [-2.3279703   3.1292818 ]
 [-2.323743    3.1293986 ]
 [-2.328358    3.1273143 ]
 [-2.3252623   3.1287167 ]
 [-2.328112    3.126096  ]
 [-2.329333    3.1335623 ]
 [-2.3305619   3.1356661 ]]
dis_j= (51, 3) [0.         1.6956797  1.6103305  1.4125463  1.1682893  0.9061126
 0.6544049  0.45419842 0.43291244 0.6013529  0.8560077  1.1408534
 1.4621606  1.8131953  2.1777413  2.5400329  2.8855605  3.189226
 3.4479616  3.6485658  3.7745986  3.8202014  3.819849   3.7979655
 3.762188   3.7234025  3.7002225  3.674832   3.646154   3.6216762
 3.6021755  3.5874376  3.5767999  3.5622234  3.5472257  3.5347855
 3.523487   3.5220377  3.5179794  3.513539   3.516459   3.5151172
 3.515162   3.5153031  3.5183473  3.52123    3.5194776  3.5206492
 3.520519   3.514341   3.5119798 ]
pos_j= (51, 2) [[ 0.          0.        ]
 [-0.09601808 -0.03945851]
 [-0.06415582 -0.2150948 ]
 [ 0.08991241 -0.44047618]
 [ 0.31925845 -0.66476536]
 [ 0.6027367  -0.8421738 ]
 [ 0.91222596 -0.958308  ]
 [ 1.2414362  -1.0280201 ]
 [ 1.5599749  -1.0729706 ]
 [ 1.850313   -1.125684  ]
 [ 2.1193326  -1.2236018 ]
 [ 2.364137   -1.3761702 ]
 [ 2.6077034  -1.5857769 ]
 [ 2.8636935  -1.8266481 ]
 [ 3.1200368  -2.0873837 ]
 [-2.911277   -2.3492393 ]
 [-2.6839535  -2.6125584 ]
 [-2.5011804  -2.8611226 ]
 [-2.3664467  -3.0929694 ]
 [-2.2579262   3.0156834 ]
 [-2.1905558   2.9056323 ]
 [-2.1605132   2.8712676 ]
 [-2.145385    2.8862507 ]
 [-2.1512759   2.9109938 ]
 [-2.1695673   2.9431117 ]
 [-2.1916068   2.9758017 ]
 [-2.2042172   2.9958985 ]
 [-2.2214205   3.01459   ]
 [-2.2414153   3.0351489 ]
 [-2.2559197   3.0552142 ]
 [-2.2693274   3.0693796 ]
 [-2.2813551   3.0782216 ]
 [-2.2848198   3.0897377 ]
 [-2.2934225   3.1017268 ]
 [-2.3017657   3.114566  ]
 [-2.3103287   3.1235936 ]
 [-2.3225634   3.127392  ]
 [-2.3238523   3.1281574 ]
 [-2.3288128   3.1289685 ]
 [-2.3348048   3.129306  ]
 [-2.3288157   3.1310985 ]
 [-2.3277838   3.133999  ]
 [-2.3270495   3.1346605 ]
 [-2.328047    3.1334784 ]
 [-2.3279703   3.1292818 ]
 [-2.323743    3.1293986 ]
 [-2.328358    3.1273143 ]
 [-2.3252623   3.1287167 ]
 [-2.328112    3.126096  ]
 [-2.329333    3.1335623 ]
 [-2.3305619   3.1356661 ]]
dis_j= (51, 3) [0.         3.1964726  3.3533342  3.625818   3.9438336  4.070284
 4.2033615  4.059441   3.80445    3.5724146  3.3272552  3.058564
 2.7471445  2.4052389  2.04919    1.6982814  1.3623683  1.063081
 0.80013216 0.60367686 0.48381892 0.44675565 0.4609905  0.48593134
 0.519058   0.5536374  0.5750851  0.5959935  0.6195691  0.6419857
 0.65856993 0.6698129  0.6818132  0.69545645 0.709907   0.7207546
 0.72755814 0.7286364  0.7307452  0.73271346 0.7327968  0.7353135
 0.7357549  0.7348823  0.73081934 0.7298046  0.7290297  0.72954977
 0.72779024 0.7353088  0.7376663 ]
pos_j= (51, 2) [[ 0.          0.        ]
 [-0.09601808 -0.03945851]
 [-0.06415582 -0.2150948 ]
 [ 0.08991241 -0.44047618]
 [ 0.31925845 -0.66476536]
 [ 0.6027367  -0.8421738 ]
 [ 0.91222596 -0.958308  ]
 [ 1.2414362  -1.0280201 ]
 [ 1.5599749  -1.0729706 ]
 [ 1.850313   -1.125684  ]
 [ 2.1193326  -1.2236018 ]
 [ 2.364137   -1.3761702 ]
 [ 2.6077034  -1.5857769 ]
 [ 2.8636935  -1.8266481 ]
 [ 3.1200368  -2.0873837 ]
 [-2.911277   -2.3492393 ]
 [-2.6839535  -2.6125584 ]
 [-2.5011804  -2.8611226 ]
 [-2.3664467  -3.0929694 ]
 [-2.2579262   3.0156834 ]
 [-2.1905558   2.9056323 ]
 [-2.1605132   2.8712676 ]
 [-2.145385    2.8862507 ]
 [-2.1512759   2.9109938 ]
 [-2.1695673   2.9431117 ]
 [-2.1916068   2.9758017 ]
 [-2.2042172   2.9958985 ]
 [-2.2214205   3.01459   ]
 [-2.2414153   3.0351489 ]
 [-2.2559197   3.0552142 ]
 [-2.2693274   3.0693796 ]
 [-2.2813551   3.0782216 ]
 [-2.2848198   3.0897377 ]
 [-2.2934225   3.1017268 ]
 [-2.3017657   3.114566  ]
 [-2.3103287   3.1235936 ]
 [-2.3225634   3.127392  ]
 [-2.3238523   3.1281574 ]
 [-2.3288128   3.1289685 ]
 [-2.3348048   3.129306  ]
 [-2.3288157   3.1310985 ]
 [-2.3277838   3.133999  ]
 [-2.3270495   3.1346605 ]
 [-2.328047    3.1334784 ]
 [-2.3279703   3.1292818 ]
 [-2.323743    3.1293986 ]
 [-2.328358    3.1273143 ]
 [-2.3252623   3.1287167 ]
 [-2.328112    3.126096  ]
 [-2.329333    3.1335623 ]
 [-2.3305619   3.1356661 ]]
