epoch = 0






sel = [0. 0. 1.]
sel = [0. 1. 0.]
sel = [1. 0. 0.]
sel = [1. 0. 0.]
sel = [1. 0. 0.]
R_tot=[-3.0172844e-18 -1.6073056e-16 -4.7721873e-16 -6.0005693e-16
 -8.5590959e-17 -3.1931786e-18 -5.4483550e-20 -3.0637295e-22
 -3.8109476e-25 -7.5597897e-28 -2.7668335e-31 -9.7594981e-36
 -6.5076301e-41  0.0000000e+00  0.0000000e+00  0.0000000e+00
  0.0000000e+00  0.0000000e+00  0.0000000e+00  0.0000000e+00
  0.0000000e+00  0.0000000e+00  0.0000000e+00  0.0000000e+00
  0.0000000e+00]
R_tot=[-3.3465563e-37 -4.2632465e-38 -4.7163362e-39 -9.1252556e-42
 -3.0828566e-44  0.0000000e+00  0.0000000e+00  0.0000000e+00
  0.0000000e+00  0.0000000e+00  0.0000000e+00  0.0000000e+00
  0.0000000e+00  0.0000000e+00  0.0000000e+00  0.0000000e+00
  0.0000000e+00  0.0000000e+00  0.0000000e+00  0.0000000e+00
  0.0000000e+00  0.0000000e+00  0.0000000e+00  0.0000000e+00
  0.0000000e+00]
R_tot=[ 0.0000000e+00  0.0000000e+00  0.0000000e+00 -1.4012985e-45
 -5.2282446e-42 -6.8257304e-39 -5.1425238e-35 -6.2283292e-32
 -2.8297285e-29 -5.9002346e-26 -4.1179025e-23 -1.1018577e-20
 -1.7530381e-18 -1.5692641e-16 -2.9525248e-15 -5.6896565e-14
 -4.2465667e-13 -1.1322557e-12 -3.7212577e-12 -1.6283288e-12
 -4.0655494e-13 -2.8762752e-14 -1.8874223e-15 -1.8518111e-17
 -1.4905553e-19]
R_tot=[-1.5065232e-09 -3.2735270e-10 -3.8761088e-11 -1.3089837e-11
 -4.2681848e-12 -6.0819047e-13 -4.5849009e-14 -2.1815540e-14
 -1.2121813e-14 -1.4171449e-15 -4.0876174e-16 -9.9369465e-17
 -2.7666619e-18 -2.6557228e-19 -6.5430257e-21 -1.7279707e-22
 -5.9447227e-25 -4.2921864e-27 -2.2789333e-30 -1.8437254e-33
 -6.0891203e-37 -2.8020364e-41 -1.4012985e-45  0.0000000e+00
  0.0000000e+00]
R_tot=[0. 0. 0. 0. 0. 0. 0. 0. 0. 0. 0. 0. 0. 0. 0. 0. 0. 0. 0. 0. 0. 0. 0. 0.
 0.]
dis=[[2.5714588  1.6867663  1.8091468 ]
 [2.531818   1.5920444  1.7818726 ]
 [2.4902008  1.4951844  1.7760787 ]
 [2.4162383  1.3669152  1.8247536 ]
 [2.3361425  1.2425494  1.9041262 ]
 [2.2689366  1.1193008  1.9980177 ]
 [2.2179496  1.01741    2.111481  ]
 [2.179188   0.9444727  2.2495348 ]
 [2.1837683  0.94074196 2.3707504 ]
 [2.208449   0.9835682  2.5164697 ]
 [2.2051768  1.0223949  2.6935725 ]
 [2.2664456  1.1522733  2.8858228 ]
 [2.3609319  1.3242949  3.084181  ]
 [2.4703145  1.5209367  3.312192  ]
 [2.5790598  1.7171037  3.5489228 ]
 [2.723332   1.9439455  3.3986623 ]
 [2.8727956  2.167239   3.192731  ]
 [3.0570257  2.4245052  2.9733279 ]
 [3.20169    2.6270666  2.8210225 ]
 [3.3353844  2.801631   2.6962514 ]
 [3.4799447  2.9915268  2.579256  ]
 [3.5927594  3.1357372  2.4995623 ]
 [3.675165   3.1651382  2.4391024 ]
 [3.559403   3.0418737  2.39052   ]
 [3.460238   2.9374573  2.3577383 ]]
dis=[[2.7828653 3.2768843 2.4931264]
 [2.8182404 3.2374032 2.4848118]
 [2.916294  3.2039962 2.5451713]
 [3.0026295 3.1962981 2.6198075]
 [3.1450648 3.1671772 2.7233555]
 [3.2593393 3.164235  2.8231173]
 [3.3241634 3.177096  2.9359715]
 [3.2686327 3.1909046 3.0496173]
 [3.228887  3.2107646 3.148801 ]
 [3.1641223 3.2167065 3.257559 ]
 [3.130645  3.248895  3.3119662]
 [3.0921614 3.2816942 3.2621944]
 [3.035541  3.295541  3.240845 ]
 [2.98406   3.3038397 3.234504 ]
 [2.9431567 3.3351674 3.21529  ]
 [2.8938012 3.2949615 3.2165434]
 [2.8570738 3.2237678 3.2248151]
 [2.8124156 3.1214292 3.2388864]
 [2.7478106 3.032049  3.285196 ]
 [2.6771727 2.9610355 3.3517537]
 [2.6096287 2.9100063 3.4271085]
 [2.5458355 2.875477  3.5074384]
 [2.4602346 2.869906  3.6177936]
 [2.365033  2.8908303 3.7425961]
 [2.291434  2.9055047 3.8541007]]
dis=[[3.167847   3.3720815  3.04658   ]
 [3.117437   3.33357    2.9859533 ]
 [3.0515208  3.2828906  2.9079971 ]
 [2.9248762  3.1711347  2.7922301 ]
 [2.812332   3.0777617  2.6792433 ]
 [2.6656637  2.953322   2.5428581 ]
 [2.5429955  2.8524897  2.4262521 ]
 [2.4323096  2.7681098  2.310289  ]
 [2.2865474  2.6600611  2.1571395 ]
 [2.153827   2.5689855  2.008125  ]
 [2.033697   2.5012903  1.8445932 ]
 [1.9182457  2.435331   1.6953818 ]
 [1.8097427  2.3887763  1.5213077 ]
 [1.7352382  2.3773599  1.3470917 ]
 [1.6567373  2.3637757  1.1648636 ]
 [1.6012102  2.3709555  0.98040766]
 [1.573408   2.400115   0.79691607]
 [1.5390018  2.4149394  0.64576817]
 [1.5629818  2.479452   0.5041112 ]
 [1.6024342  2.548723   0.464298  ]
 [1.6751633  2.635059   0.51695544]
 [1.7468029  2.7118661  0.6642408 ]
 [1.8621224  2.8245418  0.82825637]
 [1.9752206  2.929131   1.018194  ]
 [2.1246917  3.0636287  1.246792  ]]
dis=[[1.4019978  1.6308408  0.9641652 ]
 [1.4688857  1.5612923  0.9324255 ]
 [1.5017743  1.4669734  0.96430373]
 [1.5349871  1.3805065  1.0022067 ]
 [1.5910832  1.2773378  1.0430123 ]
 [1.6625907  1.1739761  1.080659  ]
 [1.6825739  1.1023008  1.1456889 ]
 [1.6982163  1.0395473  1.2105428 ]
 [1.7541701  0.93990785 1.2862179 ]
 [1.785779   0.85967696 1.3743734 ]
 [1.8210689  0.7943525  1.4412683 ]
 [1.9075115  0.6898088  1.5073352 ]
 [1.9620181  0.6074533  1.5969486 ]
 [2.0451968  0.5231255  1.6318212 ]
 [2.123651   0.43139786 1.7073284 ]
 [2.2406232  0.30551594 1.7994863 ]
 [2.3375564  0.20750153 1.8971283 ]
 [2.4784765  0.10326784 2.007451  ]
 [2.604538   0.16383308 2.1318178 ]
 [2.7395298  0.29784352 2.2656562 ]
 [2.898932   0.47137016 2.4287372 ]
 [3.046936   0.644457   2.5947976 ]
 [3.1851513  0.8238485  2.774098  ]
 [3.348973   1.0252728  2.9739308 ]
 [3.5480564  1.2790486  3.1333005 ]]
dis=[[4.35177    4.1541433  3.0070944 ]
 [4.398221   4.105722   3.016164  ]
 [4.32994    4.068564   3.0499713 ]
 [4.2286277  4.0792117  3.1368306 ]
 [4.0940447  4.0978913  3.10656   ]
 [3.970575   4.076765   3.0591042 ]
 [3.8331444  4.0417056  2.988826  ]
 [3.6975226  3.9064114  2.9177907 ]
 [3.5478036  3.7560568  2.8358936 ]
 [3.396297   3.6069486  2.7854218 ]
 [3.2783446  3.4885688  2.730742  ]
 [3.1285565  3.3385642  2.670332  ]
 [2.9715533  3.177817   2.5870478 ]
 [2.809315   3.0105593  2.50372   ]
 [2.6325595  2.83177    2.4528842 ]
 [2.4311447  2.6235766  2.3827233 ]
 [2.243364   2.4346418  2.370719  ]
 [2.031137   2.2221706  2.382477  ]
 [1.8611233  2.0558925  2.4251914 ]
 [1.6642263  1.8604589  2.4720979 ]
 [1.4668909  1.6714771  2.558572  ]
 [1.2628106  1.4816431  2.6717162 ]
 [1.092902   1.3273534  2.7762303 ]
 [0.89900184 1.1520942  2.8927238 ]
 [0.717178   1.010179   3.0488071 ]]
epoch = 1000






sel = [1. 0. 0.]
sel = [0. 1. 0.]
sel = [1. 0. 0.]
sel = [0. 0. 1.]
sel = [0. 1. 0.]
R_tot=[-2.2343447e-14 -2.5808622e-12 -1.8751836e-10 -1.2296055e-08
 -4.9990098e-07 -1.5266955e-05 -3.6932257e-04 -3.4324240e-03
 -2.1408467e-02 -8.5546017e-02 -2.7495116e-01 -4.8239866e-01
 -6.0261905e-01 -5.1917768e-01 -2.8246748e-01 -1.2512526e-01
 -2.8342079e-02 -6.8962951e-03 -9.3613169e-04 -6.3801934e-05
 -3.0959989e-06 -1.0498259e-07 -2.7300850e-09 -5.0578781e-11
 -3.4606161e-13]
R_tot=[-1.351e-42  0.000e+00  0.000e+00  0.000e+00  0.000e+00  0.000e+00
  0.000e+00  0.000e+00  0.000e+00  0.000e+00  0.000e+00  0.000e+00
  0.000e+00  0.000e+00  0.000e+00  0.000e+00  0.000e+00  0.000e+00
  0.000e+00  0.000e+00  0.000e+00  0.000e+00  0.000e+00  0.000e+00
  0.000e+00]
R_tot=[0. 0. 0. 0. 0. 0. 0. 0. 0. 0. 0. 0. 0. 0. 0. 0. 0. 0. 0. 0. 0. 0. 0. 0.
 0.]
R_tot=[-1.95551694e-37 -1.59863320e-33 -6.47002473e-30 -1.43762643e-26
 -3.21118800e-23 -3.06928921e-20 -2.30119016e-17 -4.65419659e-15
 -3.03588166e-12 -3.35548006e-10 -3.48076874e-08 -2.64282971e-06
 -1.27926454e-04 -1.97089952e-03 -1.96502712e-02 -6.13363236e-02
 -1.71256110e-01 -1.95234284e-01 -1.05171375e-01 -4.20070514e-02
 -1.04619199e-02 -1.47861952e-03 -1.73073582e-04 -6.43372050e-06
 -1.88599046e-07]
R_tot=[-3.1134e-41 -6.1185e-41 -1.8203e-42 -1.0089e-43 -5.6052e-45  0.0000e+00
  0.0000e+00  0.0000e+00  0.0000e+00  0.0000e+00  0.0000e+00  0.0000e+00
  0.0000e+00  0.0000e+00  0.0000e+00  0.0000e+00  0.0000e+00  0.0000e+00
  0.0000e+00  0.0000e+00  0.0000e+00  0.0000e+00  0.0000e+00  0.0000e+00
  0.0000e+00]
dis=[[1.5496645  0.2691029  1.597424  ]
 [1.4197687  0.38346016 1.476918  ]
 [1.2803358  0.50381076 1.3407968 ]
 [1.1427149  0.63921046 1.2168252 ]
 [0.9990415  0.7853268  1.09441   ]
 [0.843413   0.93783236 0.95901877]
 [0.7146355  1.0665205  0.8542027 ]
 [0.58818126 1.211077   0.7815085 ]
 [0.47040737 1.345196   0.7167878 ]
 [0.340888   1.4871466  0.6460761 ]
 [0.25614178 1.6063137  0.6199273 ]
 [0.21350017 1.743977   0.6245338 ]
 [0.24289054 1.8851849  0.64745796]
 [0.33730876 2.0096858  0.7122298 ]
 [0.4325039  2.1242533  0.7760655 ]
 [0.5663098  2.267957   0.8786155 ]
 [0.6692603  2.3769214  0.9608701 ]
 [0.79223615 2.4987044  1.0708301 ]
 [0.93240297 2.6500823  1.1839763 ]
 [1.0684973  2.7819383  1.3147689 ]
 [1.2026025  2.9285636  1.4229836 ]
 [1.3321801  3.0641005  1.5358791 ]
 [1.46071    3.1961432  1.652192  ]
 [1.6069521  3.3459728  1.7857407 ]
 [1.7584873  3.501287   1.9241748 ]]
dis=[[0.62121814 3.071655   3.4110768 ]
 [0.53726566 3.1176932  3.2745056 ]
 [0.47407296 3.000403   3.1287754 ]
 [0.44689322 2.913419   3.0136838 ]
 [0.45619    2.8266094  2.8965828 ]
 [0.49160138 2.7539406  2.7951157 ]
 [0.5768551  2.6553886  2.6678317 ]
 [0.66177183 2.5744212  2.5597918 ]
 [0.7503692  2.5047107  2.452506  ]
 [0.82203007 2.4637482  2.3713777 ]
 [0.9315061  2.4059384  2.2614257 ]
 [1.0324929  2.3601718  2.1676884 ]
 [1.1646712  2.3091042  2.0529265 ]
 [1.2691878  2.2688382  1.964725  ]
 [1.3951864  2.227536   1.8631166 ]
 [1.4961936  2.2187703  1.7955111 ]
 [1.6180034  2.1768801  1.698434  ]
 [1.7459723  2.1708162  1.6201129 ]
 [1.8471872  2.1558836  1.5532355 ]
 [1.968378   2.150363   1.4831128 ]
 [2.0707583  2.159882   1.4364115 ]
 [2.204093   2.142711   1.3551116 ]
 [2.3243237  2.1432557  1.2969536 ]
 [2.4234803  2.138887   1.2468694 ]
 [2.5352848  2.1608746  1.2176217 ]]
dis=[[3.228905   3.7391672  3.999514  ]
 [2.983313   3.638393   4.1409397 ]
 [2.7748053  3.4249427  4.0537786 ]
 [2.5815496  3.2293448  4.012111  ]
 [2.3832278  3.030474   3.9994729 ]
 [2.1683376  2.815643   3.8821046 ]
 [2.011871   2.6583624  3.7307484 ]
 [1.8208069  2.4657798  3.5468519 ]
 [1.6349214  2.276606   3.370181  ]
 [1.4432884  2.0870724  3.1822705 ]
 [1.2811532  1.924908   3.0257697 ]
 [1.1275271  1.7671791  2.8813646 ]
 [0.9898515  1.6296648  2.7486823 ]
 [0.8364284  1.47592    2.601467  ]
 [0.7100359  1.3433651  2.4831161 ]
 [0.5475477  1.1821663  2.3257158 ]
 [0.39079362 1.0177711  2.1741009 ]
 [0.26309153 0.8915     2.0460775 ]
 [0.1217595  0.7427881  1.8901372 ]
 [0.1283238  0.5855876  1.7233605 ]
 [0.26676434 0.45905447 1.5718584 ]
 [0.4130708  0.37076575 1.4255027 ]
 [0.56207764 0.34334764 1.2775292 ]
 [0.7113025  0.41753185 1.1155854 ]
 [0.85416114 0.51868796 0.96768475]]
dis=[[2.6070013  1.6172347  2.454328  ]
 [2.4594579  1.5086462  2.4820628 ]
 [2.3141694  1.4245988  2.4964452 ]
 [2.1590166  1.3349243  2.5359154 ]
 [2.010901   1.2635458  2.5797076 ]
 [1.8568648  1.1971457  2.6409354 ]
 [1.7233951  1.1615927  2.6928425 ]
 [1.5449423  1.1457336  2.7652526 ]
 [1.4012042  1.1837844  2.8106992 ]
 [1.243225   1.2183273  2.8922727 ]
 [1.0751417  1.2804544  2.9888577 ]
 [0.898201   1.3519304  3.1118088 ]
 [0.7487549  1.4543269  3.183371  ]
 [0.5947013  1.5640386  3.1191945 ]
 [0.5012229  1.6601073  3.0846572 ]
 [0.39851412 1.785214   3.0265415 ]
 [0.3834318  1.9212735  2.9924223 ]
 [0.45021638 2.0536814  2.9890218 ]
 [0.53412783 2.1737008  2.9660969 ]
 [0.64062566 2.2925744  2.957093  ]
 [0.7658316  2.419484   3.0010924 ]
 [0.8829279  2.536313   2.9951088 ]
 [1.0372349  2.6858048  3.0124857 ]
 [1.1804777  2.823483   3.0420334 ]
 [1.3423537  2.9763875  3.0693645 ]]
dis=[[3.3921096 2.886784  3.1418962]
 [3.5877407 2.9410646 3.12538  ]
 [3.7978396 2.985032  3.1528442]
 [4.0181074 3.0282989 3.2191918]
 [4.0534344 3.118716  3.2667234]
 [4.0647864 3.1972523 3.324328 ]
 [4.10722   3.0296333 3.4172592]
 [3.9824617 2.8419561 3.4282029]
 [3.7601185 2.7035656 3.2077816]
 [3.5200613 2.5650315 2.9711037]
 [3.3008015 2.4586475 2.7530649]
 [3.1086652 2.3723018 2.5646036]
 [2.9041796 2.2834175 2.3692954]
 [2.7111647 2.2226121 2.1827047]
 [2.5173736 2.1782858 1.9962008]
 [2.3440619 2.1486487 1.8327612]
 [2.150174  2.1290941 1.653829 ]
 [1.9423325 2.1027372 1.4805645]
 [1.7841552 2.0580726 1.3789492]
 [1.6130859 2.0597053 1.2579669]
 [1.4511538 2.0776956 1.1527027]
 [1.2721865 2.0714364 1.0886627]
 [1.1131079 2.0913353 1.0459437]
 [0.9605949 2.1314392 1.0193292]
 [0.8097339 2.1797132 1.0206004]]
epoch = 2000






sel = [0. 0. 1.]
sel = [0. 1. 0.]
sel = [0. 0. 1.]
sel = [0. 0. 1.]
sel = [1. 0. 0.]
R_tot=[-1.8722098e-18 -1.6957978e-21 -4.4906700e-24 -3.2641527e-27
 -1.5206937e-30 -3.0596465e-34 -5.2549533e-39 -4.6242849e-43
  0.0000000e+00  0.0000000e+00  0.0000000e+00  0.0000000e+00
  0.0000000e+00  0.0000000e+00  0.0000000e+00  0.0000000e+00
  0.0000000e+00  0.0000000e+00  0.0000000e+00  0.0000000e+00
  0.0000000e+00  0.0000000e+00  0.0000000e+00  0.0000000e+00
  0.0000000e+00]
R_tot=[-1.5173231e-20 -1.7273569e-23 -4.6440463e-25 -1.4387448e-27
 -4.1167102e-30 -1.1695812e-32 -1.3539594e-35 -2.4697395e-39
 -2.6764801e-43  0.0000000e+00  0.0000000e+00  0.0000000e+00
  0.0000000e+00  0.0000000e+00  0.0000000e+00  0.0000000e+00
  0.0000000e+00  0.0000000e+00  0.0000000e+00  0.0000000e+00
  0.0000000e+00  0.0000000e+00  0.0000000e+00  0.0000000e+00
  0.0000000e+00]
R_tot=[-4.3611837e-31 -2.7785343e-29 -8.4229090e-29 -8.5361861e-29
 -4.0721204e-29 -1.7736982e-30 -3.1890519e-33 -7.9976829e-36
 -4.2398737e-39 -1.0075336e-42  0.0000000e+00  0.0000000e+00
  0.0000000e+00  0.0000000e+00  0.0000000e+00  0.0000000e+00
  0.0000000e+00  0.0000000e+00  0.0000000e+00  0.0000000e+00
  0.0000000e+00  0.0000000e+00  0.0000000e+00  0.0000000e+00
  0.0000000e+00]
R_tot=[-5.9642857e-23 -3.5917930e-24 -7.2648119e-25 -2.0884582e-25
 -2.1172789e-26 -1.5354318e-27 -3.7421800e-29 -2.7175146e-30
 -1.0735219e-32 -1.4170873e-35 -7.5070726e-39 -4.9045446e-43
  0.0000000e+00  0.0000000e+00  0.0000000e+00  0.0000000e+00
  0.0000000e+00  0.0000000e+00  0.0000000e+00  0.0000000e+00
  0.0000000e+00  0.0000000e+00  0.0000000e+00  0.0000000e+00
  0.0000000e+00]
R_tot=[ 0.0000000e+00  0.0000000e+00  0.0000000e+00 -9.8090893e-45
 -1.7697138e-40 -2.2279363e-36 -1.3040911e-31 -4.8273815e-27
 -5.2146417e-22 -5.6768644e-18 -3.3163048e-14 -7.6108835e-11
 -5.1269929e-08 -1.5385889e-05 -8.7020441e-04 -7.6014847e-03
 -2.7947238e-02 -2.4048336e-02 -5.2304538e-03 -3.3163754e-04
 -5.0891717e-06 -4.7289223e-08 -1.6585124e-10 -1.1546023e-13
 -6.4474953e-18]
dis=[[2.149988   3.0587678  2.0746932 ]
 [2.1019604  3.2372568  2.1996374 ]
 [2.0979085  3.3989356  2.3428214 ]
 [2.08255    3.583052   2.4858108 ]
 [2.088138   3.7648747  2.6353867 ]
 [2.1216629  3.8582058  2.8165135 ]
 [2.1550014  3.8471265  2.9619393 ]
 [2.2285314  3.8639016  3.1428175 ]
 [2.3218048  3.8837693  3.1078036 ]
 [2.4045582  3.8858361  3.0039754 ]
 [2.5050106  3.9019816  2.9154625 ]
 [2.6205661  3.7202163  2.8405755 ]
 [2.7467568  3.487042   2.7950277 ]
 [2.9054914  3.259883   2.7370634 ]
 [3.066503   3.0325956  2.70964   ]
 [3.047044   2.8033617  2.6802797 ]
 [2.8747056  2.552609   2.678087  ]
 [2.7085795  2.296714   2.696153  ]
 [2.5857809  2.0589445  2.760375  ]
 [2.4675503  1.8076365  2.8410819 ]
 [2.358968   1.5667863  2.9196517 ]
 [2.274855   1.3102679  3.0347064 ]
 [2.2397175  1.0692246  3.18479   ]
 [2.2157567  0.83550113 2.9950984 ]
 [2.2123568  0.64608157 2.8289676 ]]
dis=[[2.171902   2.3211884  2.351302  ]
 [2.2455764  2.1673136  2.298667  ]
 [2.3585043  1.9897662  2.2717564 ]
 [2.4677165  1.8167483  2.2481835 ]
 [2.5724204  1.6419054  2.2204685 ]
 [2.6880982  1.4728597  2.217177  ]
 [2.8285515  1.2754658  2.2274494 ]
 [2.9702861  1.100718   2.2695165 ]
 [3.0912828  0.92865574 2.2882745 ]
 [3.0649602  0.75565726 2.3375902 ]
 [2.9030907  0.54475707 2.4284153 ]
 [2.802707   0.37083048 2.479519  ]
 [2.6642222  0.17440175 2.5895247 ]
 [2.5430927  0.03068435 2.6998434 ]
 [2.429969   0.2338991  2.8224862 ]
 [2.349656   0.43957007 2.9372747 ]
 [2.2967985  0.6165355  3.0406668 ]
 [2.2299266  0.8412047  3.0977318 ]
 [2.1848485  1.0548748  2.9332445 ]
 [2.1637378  1.2587303  2.7847848 ]
 [2.1557508  1.464889   2.6375988 ]
 [2.1668317  1.6853344  2.4878483 ]
 [2.1933503  1.8927871  2.3536265 ]
 [2.2478144  2.1135192  2.228247  ]
 [2.3245032  2.304566   2.1455467 ]]
dis=[[2.7419608 3.2776365 2.4326475]
 [2.8560815 3.1625082 2.4120448]
 [2.9959223 3.0470824 2.4117956]
 [3.137291  2.9497285 2.4255664]
 [3.1233714 2.8928583 2.4830232]
 [2.9225063 2.8664932 2.5950532]
 [2.7489583 2.8499517 2.696897 ]
 [2.5760677 2.8529432 2.8199406]
 [2.4015803 2.864216  2.9501026]
 [2.2683635 2.8995657 3.0800095]
 [2.1180725 2.9480722 3.0492926]
 [1.9835038 3.0094225 2.9010086]
 [1.8929693 3.112274  2.7420073]
 [1.8137945 3.2235625 2.5978458]
 [1.7626925 3.115105  2.480695 ]
 [1.7421328 2.9038935 2.367251 ]
 [1.7834405 2.6816754 2.2506788]
 [1.8341869 2.485726  2.1833563]
 [1.9104975 2.313468  2.142926 ]
 [2.0270674 2.123796  2.1358263]
 [2.1771564 1.9528106 2.1291585]
 [2.3339896 1.814061  2.1864002]
 [2.5141706 1.7017444 2.2725625]
 [2.6942055 1.6315993 2.3776305]
 [2.8961732 1.5833    2.4927495]]
dis=[[2.1243155 2.0493243 2.2042017]
 [2.3190584 1.9771581 2.2365916]
 [2.5044286 1.9463477 2.2615342]
 [2.6652792 1.9219574 2.3066292]
 [2.8684645 1.932068  2.3572628]
 [3.0713522 1.9597203 2.4271336]
 [3.2673888 2.0406997 2.4752789]
 [3.4704895 2.1054106 2.5739193]
 [3.6950977 2.2065904 2.6873345]
 [3.9173808 2.3258939 2.8108087]
 [4.001967  2.4841027 2.961079 ]
 [3.998581  2.6644092 3.1014438]
 [3.9764702 2.8343878 3.0135987]
 [3.9709036 3.010898  2.822276 ]
 [3.8071141 3.204223  2.6505485]
 [3.5501037 3.0996573 2.4778957]
 [3.3290265 3.0071683 2.3387   ]
 [3.072775  2.9037354 2.2104225]
 [2.8163571 2.824065  2.101824 ]
 [2.559546  2.7744732 2.0122232]
 [2.3051436 2.754623  1.9489475]
 [2.0617971 2.7664106 1.9135854]
 [1.8547819 2.8028402 1.9038979]
 [1.6251597 2.815875  1.9660319]
 [1.3987101 2.90491   2.0128777]]
dis=[[3.0242987  3.3240469  2.3435962 ]
 [2.88259    3.173836   2.4730248 ]
 [2.7732284  3.0191905  2.6183946 ]
 [2.6623766  2.8701801  2.7587693 ]
 [2.5712707  2.718139   2.9062667 ]
 [2.4681087  2.5298848  3.0905228 ]
 [2.3592281  2.3352933  3.2822974 ]
 [2.2634835  2.1001158  3.5174809 ]
 [2.2075973  1.8904792  3.728809  ]
 [2.1608226  1.671335   3.9525752 ]
 [2.1344588  1.4480666  4.091156  ]
 [2.1343484  1.2291274  4.110461  ]
 [2.1672876  0.99869186 4.144512  ]
 [2.2240353  0.79637325 3.9780393 ]
 [2.2773957  0.6626818  3.7450461 ]
 [2.3855402  0.5674235  3.4902487 ]
 [2.5134108  0.5792168  3.2374387 ]
 [2.6522107  0.68759954 2.993836  ]
 [2.812259   0.84913605 2.7490523 ]
 [2.9410455  1.0473567  2.5295205 ]
 [3.1077693  1.232083   2.3086276 ]
 [3.149142   1.4236552  2.0871956 ]
 [3.0592613  1.6374023  1.8594934 ]
 [2.9636514  1.8874468  1.5938979 ]
 [2.8917842  2.132835   1.3379699 ]]
epoch = 3000






sel = [1. 0. 0.]
sel = [0. 0. 1.]
sel = [1. 0. 0.]
sel = [0. 1. 0.]
sel = [0. 1. 0.]
R_tot=[-1.7326849e-28 -1.3322670e-27 -1.4139227e-28 -3.1368632e-29
 -7.1614998e-30 -1.7943184e-30 -8.3376374e-32 -9.7287301e-34
 -2.2332727e-35 -3.7349485e-37 -7.2166717e-39 -1.4258212e-41
 -1.0089349e-43  0.0000000e+00  0.0000000e+00  0.0000000e+00
  0.0000000e+00  0.0000000e+00  0.0000000e+00  0.0000000e+00
  0.0000000e+00  0.0000000e+00  0.0000000e+00  0.0000000e+00
  0.0000000e+00]
R_tot=[-7.3e-44  0.0e+00  0.0e+00  0.0e+00  0.0e+00  0.0e+00  0.0e+00  0.0e+00
  0.0e+00  0.0e+00  0.0e+00  0.0e+00  0.0e+00  0.0e+00  0.0e+00  0.0e+00
  0.0e+00  0.0e+00  0.0e+00  0.0e+00  0.0e+00  0.0e+00  0.0e+00  0.0e+00
  0.0e+00]
R_tot=[-7.5546026e-35 -3.6721494e-38 -4.1642386e-41 -6.0255834e-44
  0.0000000e+00  0.0000000e+00  0.0000000e+00  0.0000000e+00
  0.0000000e+00  0.0000000e+00  0.0000000e+00  0.0000000e+00
  0.0000000e+00  0.0000000e+00  0.0000000e+00  0.0000000e+00
  0.0000000e+00  0.0000000e+00  0.0000000e+00  0.0000000e+00
  0.0000000e+00  0.0000000e+00  0.0000000e+00  0.0000000e+00
  0.0000000e+00]
R_tot=[-7.7105685e-36 -6.0784563e-33 -8.3190840e-32 -2.1195536e-30
 -8.8560330e-30 -3.5341428e-29 -1.1784599e-28 -1.2647950e-28
 -6.3351183e-28 -3.7874202e-28 -6.7171766e-28 -1.5967852e-27
 -4.0318111e-28 -4.8746962e-28 -7.8246435e-29 -1.2939931e-29
 -2.9477517e-31 -2.4881989e-32 -1.4795822e-34 -1.4002618e-36
 -1.0700842e-38 -4.4138099e-41 -1.3312335e-43  0.0000000e+00
  0.0000000e+00]
R_tot=[-1.1882673e-16 -3.1302140e-16 -3.9750862e-16 -2.7762643e-16
 -2.1694355e-16 -1.8499340e-16 -1.2678171e-16 -5.8963466e-17
 -1.1417211e-17 -4.9759107e-19 -3.3812445e-20 -2.0273058e-21
 -7.7268089e-24 -7.0521262e-26 -2.2223431e-28 -2.1186320e-30
 -1.1109288e-33 -9.2255966e-36 -6.0166123e-39 -1.2149258e-42
  0.0000000e+00  0.0000000e+00  0.0000000e+00  0.0000000e+00
  0.0000000e+00]
dis=[[2.3599708  1.3572212  1.9203163 ]
 [2.4023616  1.5093433  1.7671669 ]
 [2.4304028  1.6749302  1.605112  ]
 [2.4575994  1.821663   1.4636786 ]
 [2.4828134  1.9786583  1.3175262 ]
 [2.537829   2.1219323  1.1795576 ]
 [2.61556    2.2914019  1.0167618 ]
 [2.6797073  2.445757   0.87704855]
 [2.7475467  2.5920134  0.74992853]
 [2.8114407  2.7360115  0.63941306]
 [2.9094007  2.880786   0.51964074]
 [2.9849997  3.0226302  0.445153  ]
 [3.0827584  3.1765559  0.39410642]
 [3.124646   3.3205526  0.4127534 ]
 [3.0639303  3.4337826  0.45548007]
 [2.973752   3.5723712  0.51786464]
 [2.9123685  3.7091336  0.62320715]
 [2.875802   3.820034   0.7229318 ]
 [2.833109   3.9451113  0.8355468 ]
 [2.7862065  4.0650992  0.94113976]
 [2.7516494  4.055903   1.0370333 ]
 [2.7378294  4.0212893  1.1302212 ]
 [2.7017164  3.999463   1.2519128 ]
 [2.6849847  3.9701877  1.3733678 ]
 [2.6887727  3.9321413  1.4908171 ]]
dis=[[2.5298922 3.1061475 1.8282328]
 [2.6183548 3.2078874 1.7589823]
 [2.741583  3.1841867 1.6750551]
 [2.8431773 3.0473733 1.6228949]
 [2.962504  2.9017258 1.5730078]
 [3.0665953 2.7667851 1.5513572]
 [3.2126915 2.6181865 1.5147284]
 [3.2527466 2.4872668 1.4919786]
 [3.2098472 2.3539517 1.5077796]
 [3.1746078 2.227568  1.5370618]
 [3.1429513 2.1174057 1.5703795]
 [3.12669   2.0118046 1.6190153]
 [3.100297  1.9328622 1.6526341]
 [3.0943408 1.8154165 1.7286366]
 [3.083662  1.691426  1.8191848]
 [3.0876973 1.5854989 1.9127749]
 [3.0985186 1.5007375 1.998985 ]
 [3.0940063 1.4335958 2.083967 ]
 [3.1112392 1.3761423 2.1642268]
 [3.1344714 1.3204175 2.2562354]
 [3.1576302 1.2786393 2.3475306]
 [3.1923797 1.2422905 2.4692297]
 [3.2288723 1.2307361 2.589479 ]
 [3.2641547 1.2502848 2.7123866]
 [3.3342025 1.2646053 2.8580132]]
dis=[[2.6355932  2.7852774  1.4513218 ]
 [2.777204   2.8927753  1.3142331 ]
 [2.9297335  2.9928892  1.1808727 ]
 [3.0706904  3.0883381  1.0629342 ]
 [3.213139   3.1005702  0.9438711 ]
 [3.3554502  2.9741826  0.82264215]
 [3.507763   2.8536353  0.71834123]
 [3.6614807  2.709774   0.5985553 ]
 [3.8100069  2.586208   0.5234643 ]
 [3.9780333  2.4550016  0.48957354]
 [3.9655216  2.3717928  0.50945455]
 [3.9414663  2.2765877  0.5659241 ]
 [3.89365    2.1619837  0.6302044 ]
 [3.8741448  2.0888784  0.70463794]
 [3.8595796  2.0166674  0.79562664]
 [3.8392305  1.9472553  0.876972  ]
 [3.8218632  1.8814262  0.9632781 ]
 [3.8066282  1.812397   1.0657674 ]
 [3.7876136  1.7423757  1.1683254 ]
 [3.7547572  1.6712792  1.2469978 ]
 [3.7269256  1.6031095  1.3363405 ]
 [3.6505806  1.5949585  1.4515301 ]
 [3.5599897  1.5506607  1.5478089 ]
 [3.481767   1.5120829  1.6336669 ]
 [3.4112585  1.4691677  1.7156392 ]]
dis=[[2.5838442  1.260663   2.1151862 ]
 [2.5378685  1.1681873  2.1929467 ]
 [2.4797926  1.0960796  2.2556455 ]
 [2.4537075  0.9936251  2.357058  ]
 [2.4281938  0.9241443  2.4310381 ]
 [2.4057713  0.86491024 2.500016  ]
 [2.4044485  0.78389025 2.5955834 ]
 [2.3741028  0.72440934 2.6938696 ]
 [2.3838336  0.6451691  2.8267045 ]
 [2.372993   0.62064576 2.9423704 ]
 [2.3565152  0.64284635 3.0658329 ]
 [2.3826528  0.6725526  3.2137916 ]
 [2.3790648  0.7644007  3.3360724 ]
 [2.413419   0.87016535 3.4908252 ]
 [2.446743   0.9602217  3.6060336 ]
 [2.5153365  1.0771182  3.65173   ]
 [2.5591807  1.198038   3.6581535 ]
 [2.647764   1.3068914  3.6297908 ]
 [2.7258165  1.4284422  3.6240494 ]
 [2.8051286  1.542363   3.620412  ]
 [2.8918703  1.6918776  3.6410527 ]
 [2.9808338  1.8259912  3.6588376 ]
 [3.0788221  1.9528031  3.6704252 ]
 [3.1107562  2.0803862  3.6749272 ]
 [3.0062594  2.2128577  3.6807733 ]]
dis=[[3.4597466 2.465111  1.792491 ]
 [3.453748  2.6098192 1.7864822]
 [3.4543693 2.7722416 1.7955005]
 [3.4702032 2.8923838 1.8016716]
 [3.5041053 3.0250318 1.8056464]
 [3.54537   3.1546433 1.8150388]
 [3.609175  3.3287368 1.8339208]
 [3.4989681 3.4416096 1.8737733]
 [3.368267  3.578517  1.9475642]
 [3.2031646 3.746498  2.0087337]
 [3.073225  3.8798661 2.0708168]
 [2.9030828 3.8965726 2.1885066]
 [2.7795806 3.8971303 2.2830353]
 [2.6242757 3.8897784 2.3938763]
 [2.49596   3.8778954 2.4798007]
 [2.3636038 3.9105601 2.6132758]
 [2.240876  3.8987648 2.6945124]
 [2.1168976 3.9254184 2.81435  ]
 [1.9651417 3.865049  2.9472494]
 [1.840847  3.703369  3.0897634]
 [1.7103076 3.5344458 3.1684492]
 [1.6110295 3.4009097 3.088619 ]
 [1.4965401 3.2573838 3.0207264]
 [1.4084665 3.11      2.9342792]
 [1.3384866 2.9588528 2.8420107]]
epoch = 4000






sel = [0. 1. 0.]
sel = [0. 1. 0.]
sel = [0. 1. 0.]
sel = [0. 1. 0.]
sel = [0. 0. 1.]
R_tot=[-2.5926071e-29 -3.6320196e-27 -4.7676915e-24 -5.8909128e-22
 -4.3887618e-20 -5.6814139e-18 -5.0337659e-16 -1.6658895e-14
 -4.0761481e-13 -6.2248067e-12 -6.6545575e-11 -5.2272608e-10
 -2.9736824e-09 -1.8922446e-08 -3.8959122e-08 -9.7570869e-08
 -1.3074455e-07 -6.7199103e-08 -2.6271465e-08 -4.7065680e-09
 -3.8627304e-10 -3.5262432e-11 -1.0531283e-12 -9.5783951e-15
 -4.1574859e-17]
R_tot=[-1.33953327e-13 -6.50588325e-16 -3.74537166e-18 -1.07607045e-20
 -2.26495345e-23 -8.60114705e-26 -9.80599389e-29 -2.42016037e-32
 -2.29471614e-36 -1.04644765e-40 -1.96181785e-44  0.00000000e+00
  0.00000000e+00  0.00000000e+00  0.00000000e+00  0.00000000e+00
  0.00000000e+00  0.00000000e+00  0.00000000e+00  0.00000000e+00
  0.00000000e+00  0.00000000e+00  0.00000000e+00  0.00000000e+00
  0.00000000e+00]
R_tot=[-9.1718079e-35 -3.2381600e-33 -4.9161087e-31 -1.1359715e-28
 -3.3993908e-27 -2.5366927e-25 -1.9793660e-24 -2.5763377e-23
 -1.6831915e-21 -3.7673936e-19 -3.0848821e-17 -1.1613797e-15
 -2.3219819e-14 -7.3733662e-13 -1.6763277e-11 -1.7465837e-10
 -6.9104689e-10 -3.3629075e-09 -5.3161879e-09 -6.9076123e-09
 -3.1170642e-09 -2.1810851e-09 -6.5112532e-10 -6.7821325e-11
 -8.2750785e-12]
R_tot=[ 0.0000000e+00  0.0000000e+00 -2.8025969e-45 -1.3018063e-42
 -8.8372187e-40 -4.7285348e-38 -3.6458843e-36 -9.6841816e-35
 -4.1578168e-33 -2.5043487e-32 -7.1344984e-32 -8.1574042e-31
 -4.5784583e-30 -1.1649564e-29 -1.7077875e-29 -2.3074082e-29
 -1.3422283e-29 -9.1209259e-30 -1.6422630e-29 -2.5881098e-30
 -1.5432511e-30 -1.4915815e-31 -2.0425781e-33 -1.9436344e-35
 -2.1999554e-37]
R_tot=[-4.9958037e-27 -1.6505260e-24 -4.6282426e-22 -1.7747435e-19
 -4.4854474e-17 -1.3957151e-14 -2.1551207e-12 -1.0397648e-10
 -7.1386652e-09 -1.2808214e-07 -2.7193082e-06 -2.6243759e-05
 -1.5697586e-04 -4.1185983e-04 -7.4223592e-04 -9.8237442e-04
 -6.2658865e-04 -2.8320242e-04 -8.4085812e-05 -1.9049490e-05
 -1.8120095e-06 -1.9048419e-07 -8.0637346e-09 -3.5976119e-10
 -9.1094476e-12]
dis=[[3.0574944 2.3407693 3.009531 ]
 [3.106357  2.1984122 3.1661744]
 [3.0019255 2.0975013 3.1861355]
 [2.900955  2.0028825 3.0981967]
 [2.7823887 1.8904603 2.9895775]
 [2.6631687 1.7805246 2.8824313]
 [2.559776  1.6897707 2.792206 ]
 [2.4584193 1.602361  2.702747 ]
 [2.3572392 1.5238843 2.617426 ]
 [2.2594056 1.4522334 2.5344214]
 [2.166415  1.3868946 2.454418 ]
 [2.065434  1.3292899 2.3704557]
 [1.9465177 1.2650938 2.2686896]
 [1.8624396 1.23914   2.1998596]
 [1.7571865 1.2053388 2.1097257]
 [1.6563997 1.1943625 2.0245473]
 [1.5763737 1.2191819 1.9593526]
 [1.4995217 1.2533677 1.894307 ]
 [1.449133  1.3136543 1.8523393]
 [1.4138054 1.3966757 1.8217725]
 [1.3976862 1.4717805 1.8058205]
 [1.4107921 1.5754787 1.8152668]
 [1.4654347 1.7044455 1.8628387]
 [1.5410957 1.8424747 1.9289659]
 [1.608879  1.9746426 1.9839152]]
dis=[[1.4906515 3.0815325 1.7740291]
 [1.4783533 3.1285572 1.9003531]
 [1.4870979 3.1774876 2.0342207]
 [1.4785517 3.252961  2.1662805]
 [1.5304693 3.2859535 2.279118 ]
 [1.5678388 3.3514678 2.4092066]
 [1.6079646 3.442744  2.5596676]
 [1.682151  3.5311236 2.71765  ]
 [1.7834661 3.6170104 2.878406 ]
 [1.8687972 3.5481749 3.0090756]
 [1.9621918 3.4171262 3.1316547]
 [2.0687163 3.2871454 3.1509113]
 [2.1850958 3.1280417 3.026046 ]
 [2.2997756 2.9737747 2.9042702]
 [2.386708  2.8488338 2.7950203]
 [2.5267644 2.687874  2.6917539]
 [2.6257803 2.5611107 2.5927525]
 [2.7377794 2.4150167 2.4709597]
 [2.8923075 2.233807  2.3467715]
 [3.0502744 2.0560446 2.2403407]
 [3.191101  1.9033276 2.165945 ]
 [3.311084  1.777191  2.119994 ]
 [3.4705522 1.6047429 2.0488753]
 [3.6269126 1.444671  2.0222049]
 [3.755572  1.3113382 2.0020158]]
dis=[[2.266213   2.5947886  0.5377979 ]
 [2.2834492  2.5061696  0.5567984 ]
 [2.3164563  2.4064581  0.588064  ]
 [2.302991   2.3420415  0.67568356]
 [2.3262646  2.2576623  0.74959517]
 [2.3088884  2.2163334  0.8485191 ]
 [2.3265018  2.163603   0.9128373 ]
 [2.3677328  2.074855   1.0208347 ]
 [2.4531372  1.9539821  1.1330212 ]
 [2.5387137  1.8497484  1.2221711 ]
 [2.61435    1.7592684  1.3354921 ]
 [2.6877813  1.6809044  1.4584754 ]
 [2.7896585  1.5856279  1.5843915 ]
 [2.8965657  1.4943442  1.7013085 ]
 [2.9988875  1.4220186  1.8313335 ]
 [3.0904756  1.3778074  1.9660181 ]
 [3.2117198  1.3251194  2.1148899 ]
 [3.1260357  1.3094757  2.2506037 ]
 [3.017913   1.3004452  2.359009  ]
 [2.8737848  1.3276949  2.5176246 ]
 [2.7466817  1.3397425  2.6441479 ]
 [2.6250246  1.3797495  2.7750263 ]
 [2.491839   1.4516449  2.9280825 ]
 [2.356328   1.5154536  3.0731833 ]
 [2.2436414  1.576007   3.1942556 ]]
dis=[[1.416985   3.1321263  3.1630511 ]
 [1.2721497  3.038614   3.2733195 ]
 [1.1367159  2.946185   3.3732    ]
 [0.97385246 2.8448548  3.5001774 ]
 [0.8494086  2.7811897  3.604719  ]
 [0.70292234 2.7099726  3.6281044 ]
 [0.53612053 2.6549575  3.626017  ]
 [0.3863013  2.5904496  3.6546104 ]
 [0.24386002 2.5590668  3.6639647 ]
 [0.12015931 2.5405905  3.6739511 ]
 [0.04565131 2.49706    3.7205422 ]
 [0.17793357 2.4657772  3.7671564 ]
 [0.3193401  2.4486742  3.8130143 ]
 [0.45761386 2.4416344  3.8606045 ]
 [0.627583   2.4360821  3.931738  ]
 [0.77424353 2.4460697  3.8882902 ]
 [0.8999019  2.453167   3.7664032 ]
 [1.0304139  2.4423554  3.6466582 ]
 [1.1790591  2.4761658  3.5007963 ]
 [1.3214604  2.4855442  3.3706968 ]
 [1.4869173  2.5274942  3.2141047 ]
 [1.6569526  2.6027675  3.046403  ]
 [1.8119932  2.6820388  2.8929946 ]
 [1.9803905  2.756202   2.7342088 ]
 [2.1401837  2.835071   2.584232  ]]
dis=[[3.8738043  2.220019   2.7110925 ]
 [3.8744187  2.1026704  2.800702  ]
 [3.8840702  1.9712411  2.9019978 ]
 [3.8930936  1.8406194  3.0149643 ]
 [3.9321473  1.6944765  3.1219256 ]
 [3.9590528  1.5548909  3.2520587 ]
 [3.9877524  1.4383383  3.2373157 ]
 [4.0275044  1.2993062  3.2079246 ]
 [3.8849742  1.1951374  3.1746562 ]
 [3.7348223  1.0739468  3.1713626 ]
 [3.5801666  0.97433436 3.1583369 ]
 [3.4441721  0.8878896  3.1660864 ]
 [3.2989097  0.8375765  3.1549532 ]
 [3.12509    0.8053112  3.1533484 ]
 [2.9909024  0.78949267 3.1751268 ]
 [2.8698626  0.81472075 3.1793406 ]
 [2.7302     0.8574621  3.1975725 ]
 [2.6079447  0.9189833  3.2089393 ]
 [2.473198   0.9890208  3.24113   ]
 [2.3179982  1.0908239  3.2766495 ]
 [2.1915421  1.1800985  3.3147886 ]
 [2.0342886  1.2950792  3.378155  ]
 [1.9050778  1.3989648  3.4297738 ]
 [1.7641476  1.5125983  3.5033379 ]
 [1.6205212  1.6409261  3.5117972 ]]
R_arr: [-3.7961798e-10 -5.6936877e-14 -4.1147733e-01 ... -5.9330511e-01
 -1.2333375e-09 -8.5980380e-01] 
 std_arr: [7.5553869e-10 1.1387375e-13 8.2288718e-01 ... 9.2936003e-01 2.4666753e-09
 1.2336853e+00]
Completed in: 0:00:31.944635, 0:00:00.006389 s/epoch
