
 &&& sigma_e=[0.5 0.5 0.5 0.5 0.5 0.5 0.5 0.5 0.5 0.5 0.5 0.5 0.5 0.5 0.5 0.5 0.5 0.5
 0.5 0.5]
epoch = 0

 &&& sigma_e=[0.46411952 0.46411952 0.46411952 0.46411952 0.46411952 0.46411952
 0.46411952 0.46411952 0.46411952 0.46411952 0.46411952 0.46411952
 0.46411952 0.46411952 0.46411952 0.46411952 0.46411952 0.46411952
 0.46411952 0.46411952]
epoch = 1000

 &&& sigma_e=[0.4346761 0.4346761 0.4346761 0.4346761 0.4346761 0.4346761 0.4346761
 0.4346761 0.4346761 0.4346761 0.4346761 0.4346761 0.4346761 0.4346761
 0.4346761 0.4346761 0.4346761 0.4346761 0.4346761 0.4346761]
epoch = 2000

 &&& sigma_e=[0.4105149 0.4105149 0.4105149 0.4105149 0.4105149 0.4105149 0.4105149
 0.4105149 0.4105149 0.4105149 0.4105149 0.4105149 0.4105149 0.4105149
 0.4105149 0.4105149 0.4105149 0.4105149 0.4105149 0.4105149]
epoch = 3000

 &&& sigma_e=[0.39068824 0.39068824 0.39068824 0.39068824 0.39068824 0.39068824
 0.39068824 0.39068824 0.39068824 0.39068824 0.39068824 0.39068824
 0.39068824 0.39068824 0.39068824 0.39068824 0.39068824 0.39068824
 0.39068824 0.39068824]
epoch = 4000

 &&& sigma_e=[0.37441856 0.37441856 0.37441856 0.37441856 0.37441856 0.37441856
 0.37441856 0.37441856 0.37441856 0.37441856 0.37441856 0.37441856
 0.37441856 0.37441856 0.37441856 0.37441856 0.37441856 0.37441856
 0.37441856 0.37441856]
epoch = 5000

 &&& sigma_e=[0.3610677 0.3610677 0.3610677 0.3610677 0.3610677 0.3610677 0.3610677
 0.3610677 0.3610677 0.3610677 0.3610677 0.3610677 0.3610677 0.3610677
 0.3610677 0.3610677 0.3610677 0.3610677 0.3610677 0.3610677]
epoch = 6000

 &&& sigma_e=[0.35011202 0.35011202 0.35011202 0.35011202 0.35011202 0.35011202
 0.35011202 0.35011202 0.35011202 0.35011202 0.35011202 0.35011202
 0.35011202 0.35011202 0.35011202 0.35011202 0.35011202 0.35011202
 0.35011202 0.35011202]
epoch = 7000

 &&& sigma_e=[0.34112182 0.34112182 0.34112182 0.34112182 0.34112182 0.34112182
 0.34112182 0.34112182 0.34112182 0.34112182 0.34112182 0.34112182
 0.34112182 0.34112182 0.34112182 0.34112182 0.34112182 0.34112182
 0.34112182 0.34112182]
epoch = 8000
R_arr: [ -0.33192995  -0.45909706  -0.3397968  ... -13.048618   -12.852162
 -13.126217  ] 
 std_arr: [0.99618024 1.1557758  1.0262818  ... 4.183823   4.0661855  4.159873  ]
Completed in: 0:03:27.994217, 0:00:00.025996 s/epoch
